1 4
1 9
1 10
1 11
1 12
1 13
1 14
1 15
1 20
1 21
1 22
1 23
1 24
1 25
1 26
1 27
1 28
1 30
1 31
1 32
1 34
1 37
1 38
1 39
1 41
1 42
1 45
1 46
1 49
1 50
1 51
1 54
1 57
1 58
1 59
1 61
1 62
1 63
1 64
1 65
1 66
1 67
1 70
1 71
1 74
1 75
1 76
1 80
1 81
1 82
1 86
1 87
1 88
1 95
1 96
1 97
1 98
1 101
1 103
1 104
1 105
1 106
1 108
1 110
1 112
1 113
1 114
1 115
1 117
1 118
1 119
1 126
1 127
1 131
1 132
1 137
1 139
1 140
1 141
1 143
1 145
1 146
1 147
1 150
1 151
1 153
1 154
1 155
1 158
1 160
1 161
1 162
1 164
1 166
1 171
1 172
1 173
1 174
1 175
1 177
1 178
1 179
1 180
1 182
1 183
1 185
1 187
1 188
1 189
1 191
1 192
1 195
1 197
1 198
1 199
1 202
1 203
1 205
1 207
1 210
1 211
1 212
1 214
1 217
1 223
1 227
1 230
1 231
1 232
1 233
1 234
1 236
1 237
1 238
1 240
1 246
1 247
1 249
1 252
1 253
1 254
1 255
1 256
1 258
1 259
1 261
1 262
1 264
1 265
1 267
1 269
1 271
1 274
1 278
1 281
1 286
1 288
1 292
1 293
1 294
1 295
1 296
1 300
1 301
1 303
1 307
1 308
1 309
1 310
1 312
1 317
1 318
1 319
1 321
1 324
1 327
1 329
1 330
1 331
1 332
1 333
1 334
1 335
1 336
1 337
1 339
1 340
1 342
1 343
1 345
1 346
1 348
1 349
1 354
1 355
1 359
1 361
1 364
1 365
1 366
1 367
1 368
1 369
1 370
1 372
1 374
1 375
1 376
1 379
1 380
1 382
1 385
1 386
1 387
1 389
1 390
1 391
1 392
1 395
1 396
1 399
1 400
1 401
1 404
1 405
1 406
1 408
1 409
1 410
1 411
1 413
1 417
1 419
1 422
1 423
1 425
1 426
1 428
1 431
1 434
1 439
1 440
1 442
1 448
1 449
1 450
1 451
1 455
1 456
1 457
1 458
1 459
1 463
1 467
1 472
1 473
1 474
1 476
1 479
1 484
1 485
1 488
1 489
1 490
1 491
1 497
1 498
1 499
1 500
1 503
1 504
1 505
1 508
1 509
1 510
1 513
1 518
1 519
1 520
1 522
1 523
1 524
1 525
1 527
1 528
1 529
1 531
1 532
1 537
1 538
1 540
1 542
1 543
1 546
1 548
1 553
1 555
1 558
1 564
1 568
1 570
1 571
1 572
1 575
1 577
1 578
1 579
1 580
1 581
1 582
1 583
1 584
2 4
3 4
4 5
4 6
4 7
4 8
4 9
4 10
4 11
4 13
4 16
4 17
4 18
4 19
4 22
4 26
4 28
4 29
4 34
4 36
4 37
4 42
4 45
4 48
4 49
4 50
4 51
4 52
4 56
4 57
4 58
4 62
4 66
4 67
4 68
4 70
4 71
4 72
4 75
4 76
4 80
4 83
4 85
4 86
4 89
4 93
4 94
4 95
4 102
4 106
4 107
4 109
4 114
4 115
4 118
4 120
4 124
4 126
4 127
4 128
4 131
4 133
4 134
4 137
4 140
4 144
4 147
4 150
4 152
4 154
4 155
4 157
4 158
4 161
4 163
4 165
4 166
4 167
4 168
4 173
4 178
4 180
4 183
4 185
4 186
4 187
4 191
4 196
4 197
4 198
4 202
4 205
4 206
4 210
4 211
4 212
4 213
4 219
4 222
4 224
4 225
4 226
4 227
4 230
4 236
4 240
4 241
4 242
4 243
4 244
4 246
4 247
4 248
4 251
4 252
4 253
4 254
4 255
4 260
4 261
4 265
4 266
4 268
4 269
4 270
4 274
4 276
4 279
4 280
4 289
4 293
4 294
4 296
4 298
4 303
4 305
4 311
4 314
4 315
4 318
4 319
4 320
4 323
4 325
4 326
4 330
4 332
4 333
4 334
4 335
4 340
4 341
4 342
4 345
4 347
4 348
4 352
4 356
4 360
4 361
4 362
4 363
4 364
4 365
4 366
4 367
4 371
4 372
4 374
4 378
4 380
4 381
4 382
4 384
4 385
4 388
4 392
4 394
4 395
4 396
4 399
4 400
4 401
4 403
4 404
4 409
4 411
4 415
4 418
4 421
4 423
4 424
4 425
4 426
4 428
4 429
4 430
4 434
4 437
4 439
4 441
4 442
4 445
4 447
4 448
4 450
4 451
4 452
4 454
4 456
4 457
4 458
4 461
4 466
4 467
4 468
4 469
4 476
4 478
4 479
4 481
4 482
4 485
4 487
4 489
4 492
4 493
4 494
4 496
4 498
4 501
4 502
4 504
4 505
4 507
4 509
4 510
4 512
4 513
4 514
4 517
4 518
4 520
4 522
4 523
4 525
4 526
4 529
4 530
4 531
4 538
4 540
4 542
4 546
4 549
4 550
4 552
4 554
4 555
4 559
4 560
4 562
4 563
4 564
4 565
4 566
4 567
4 571
4 572
4 573
4 576
4 577
4 578
4 579
4 580
4 582
4 583
3 9
5 9
9 11
9 14
9 18
9 20
9 22
9 28
9 30
9 32
9 38
9 40
9 43
9 44
9 52
9 87
9 88
9 92
9 101
9 102
9 104
9 105
9 106
9 110
9 120
9 161
9 166
9 167
9 185
9 191
9 202
9 206
9 207
9 208
9 209
9 215
9 219
9 220
9 223
9 236
9 250
9 254
9 267
9 286
9 291
9 296
9 297
9 304
9 309
9 321
9 325
9 328
9 330
9 334
9 336
9 350
9 353
9 354
9 358
9 367
9 369
9 391
9 395
9 400
9 433
9 436
9 437
9 449
9 452
9 456
9 474
9 477
9 481
9 485
9 496
9 497
9 502
9 503
9 510
9 511
9 512
9 522
9 523
9 527
9 528
9 531
9 537
9 543
9 558
9 565
9 566
9 569
9 571
9 579
9 583
9 584
3 10
10 19
10 20
10 28
10 44
10 47
10 50
10 66
10 86
10 88
10 109
10 112
10 121
10 129
10 142
10 156
10 182
10 186
10 191
10 194
10 208
10 234
10 236
10 238
10 242
10 246
10 251
10 267
10 285
10 291
10 307
10 310
10 311
10 313
10 330
10 333
10 353
10 354
10 368
10 372
10 392
10 398
10 401
10 407
10 415
10 420
10 439
10 442
10 445
10 447
10 450
10 454
10 480
10 508
10 514
10 516
10 526
10 536
10 538
10 552
10 554
10 556
10 566
10 568
10 572
10 576
10 580
2 11
6 11
8 11
11 16
11 23
11 34
11 37
11 49
11 55
11 60
11 69
11 90
11 104
11 106
11 111
11 118
11 129
11 139
11 140
11 146
11 149
11 153
11 157
11 175
11 190
11 211
11 213
11 218
11 225
11 226
11 227
11 246
11 250
11 257
11 264
11 265
11 279
11 281
11 284
11 294
11 296
11 310
11 314
11 319
11 324
11 348
11 354
11 384
11 396
11 398
11 410
11 413
11 415
11 422
11 428
11 436
11 437
11 464
11 485
11 492
11 498
11 511
11 525
11 553
11 561
11 562
11 572
11 583
6 12
12 13
12 14
12 16
12 22
12 23
12 29
12 30
12 44
12 54
12 58
12 67
12 74
12 88
12 89
12 97
12 100
12 102
12 114
12 119
12 121
12 123
12 134
12 135
12 136
12 162
12 178
12 180
12 181
12 184
12 196
12 209
12 218
12 221
12 224
12 228
12 229
12 243
12 246
12 252
12 253
12 254
12 261
12 262
12 264
12 271
12 285
12 294
12 297
12 302
12 304
12 322
12 323
12 331
12 338
12 350
12 359
12 362
12 370
12 375
12 393
12 394
12 396
12 414
12 427
12 444
12 450
12 473
12 474
12 480
12 489
12 496
12 511
12 516
12 518
12 528
12 545
12 548
12 556
12 580
12 581
12 582
12 583
3 13
5 13
7 13
13 14
13 16
13 25
13 29
13 32
13 74
13 86
13 96
13 125
13 126
13 137
13 139
13 140
13 156
13 164
13 165
13 178
13 183
13 186
13 188
13 191
13 208
13 269
13 281
13 284
13 286
13 293
13 301
13 302
13 308
13 309
13 319
13 326
13 329
13 333
13 334
13 346
13 347
13 348
13 354
13 377
13 385
13 399
13 415
13 430
13 437
13 439
13 443
13 453
13 456
13 463
13 487
13 492
13 506
13 521
13 526
13 537
13 539
13 553
13 571
3 14
6 14
14 24
14 31
14 42
14 57
14 58
14 61
14 73
14 105
14 107
14 122
14 132
14 136
14 137
14 142
14 143
14 170
14 181
14 190
14 192
14 206
14 211
14 213
14 224
14 225
14 231
14 234
14 236
14 248
14 250
14 279
14 288
14 296
14 311
14 352
14 357
14 366
14 369
14 373
14 374
14 390
14 391
14 398
14 413
14 417
14 419
14 420
14 431
14 435
14 440
14 456
14 460
14 477
14 487
14 511
14 513
14 515
14 521
14 524
14 530
14 566
14 568
14 569
14 571
14 572
14 573
14 578
14 584
6 15
8 15
15 23
15 24
15 28
15 35
15 43
15 51
15 53
15 74
15 75
15 83
15 88
15 106
15 107
15 123
15 140
15 141
15 146
15 158
15 166
15 168
15 170
15 175
15 176
15 180
15 181
15 186
15 200
15 210
15 213
15 227
15 249
15 264
15 270
15 271
15 283
15 287
15 289
15 292
15 306
15 310
15 311
15 325
15 331
15 340
15 349
15 351
15 352
15 373
15 377
15 378
15 391
15 397
15 423
15 435
15 464
15 470
15 476
15 486
15 492
15 495
15 526
15 532
15 536
15 544
15 547
15 554
15 563
20 21
20 45
20 48
20 59
20 68
20 69
20 82
20 106
20 108
20 119
20 136
20 150
20 158
20 187
20 212
20 236
20 239
20 242
20 256
20 257
20 272
20 284
20 290
20 291
20 303
20 330
20 335
20 341
20 358
20 373
20 376
20 380
20 442
20 445
20 451
20 468
20 469
20 475
20 481
20 490
20 496
20 504
20 508
20 515
20 556
20 572
20 573
6 21
21 39
21 49
21 56
21 103
21 113
21 133
21 142
21 146
21 172
21 182
21 198
21 220
21 236
21 242
21 271
21 275
21 276
21 291
21 308
21 340
21 346
21 362
21 373
21 408
21 467
21 472
21 483
21 503
21 506
21 526
21 536
21 558
21 560
3 22
18 22
22 23
22 45
22 50
22 53
22 57
22 61
22 62
22 69
22 72
22 73
22 82
22 86
22 90
22 91
22 108
22 121
22 133
22 171
22 172
22 177
22 184
22 200
22 219
22 225
22 241
22 251
22 265
22 268
22 301
22 302
22 312
22 334
22 363
22 416
22 440
22 455
22 486
22 506
22 510
22 557
22 567
3 23
5 23
16 23
23 26
23 43
23 45
23 53
23 56
23 60
23 85
23 95
23 112
23 120
23 131
23 156
23 199
23 202
23 207
23 208
23 249
23 255
23 256
23 266
23 301
23 354
23 356
23 368
23 369
23 372
23 384
23 399
23 404
23 412
23 419
23 427
23 435
23 446
23 471
23 484
23 492
23 515
23 540
23 554
23 560
23 561
23 562
5 24
6 24
7 24
24 25
24 28
24 60
24 75
24 101
24 117
24 144
24 152
24 156
24 166
24 170
24 176
24 225
24 229
24 231
24 242
24 247
24 248
24 271
24 274
24 287
24 306
24 307
24 309
24 323
24 332
24 333
24 352
24 359
24 360
24 375
24 379
24 388
24 444
24 463
24 503
24 536
24 538
24 542
24 546
24 564
24 568
3 25
5 25
6 25
7 25
25 28
25 31
25 65
25 89
25 100
25 105
25 114
25 122
25 130
25 177
25 183
25 227
25 235
25 237
25 247
25 256
25 264
25 267
25 301
25 312
25 343
25 385
25 425
25 426
25 438
25 471
25 490
25 501
25 510
25 524
25 537
25 562
25 571
25 573
3 26
6 26
26 52
26 75
26 85
26 112
26 149
26 154
26 169
26 235
26 240
26 254
26 284
26 292
26 302
26 303
26 312
26 317
26 318
26 351
26 389
26 396
26 409
26 432
26 448
26 454
26 459
26 461
26 462
26 468
26 491
26 494
26 496
26 504
26 505
26 520
26 534
26 549
26 577
5 27
27 32
27 34
27 41
27 71
27 80
27 84
27 91
27 103
27 141
27 165
27 169
27 173
27 177
27 191
27 192
27 196
27 209
27 226
27 246
27 263
27 274
27 276
27 293
27 311
27 359
27 382
27 406
27 420
27 435
27 482
27 512
27 531
27 549
27 584
5 28
16 28
28 35
28 69
28 74
28 83
28 90
28 95
28 111
28 116
28 124
28 185
28 192
28 202
28 213
28 230
28 244
28 269
28 285
28 302
28 391
28 400
28 407
28 444
28 448
28 461
28 464
28 485
28 498
28 505
28 517
28 519
28 549
30 36
30 37
30 72
30 79
30 94
30 99
30 112
30 123
30 124
30 130
30 139
30 152
30 166
30 174
30 185
30 250
30 269
30 274
30 284
30 321
30 332
30 338
30 361
30 402
30 412
30 422
30 429
30 435
30 453
30 456
30 460
30 470
30 471
30 484
30 516
30 531
30 545
30 551
30 553
30 568
30 577
30 581
3 31
5 31
31 37
31 39
31 45
31 52
31 54
31 55
31 91
31 100
31 121
31 127
31 134
31 147
31 161
31 167
31 170
31 229
31 232
31 242
31 255
31 266
31 267
31 273
31 308
31 318
31 330
31 336
31 377
31 389
31 395
31 420
31 472
31 478
31 481
31 584
32 41
32 48
32 57
32 64
32 76
32 79
32 90
32 123
32 165
32 168
32 204
32 262
32 271
32 275
32 288
32 303
32 304
32 329
32 330
32 331
32 344
32 391
32 417
32 428
32 460
32 468
32 510
32 519
32 549
6 34
34 39
34 50
34 59
34 60
34 65
34 86
34 179
34 182
34 187
34 206
34 234
34 236
34 249
34 304
34 323
34 324
34 328
34 339
34 346
34 356
34 358
34 365
34 378
34 386
34 418
34 439
34 452
34 458
34 473
34 504
34 527
34 540
34 565
35 37
37 63
37 97
37 111
37 138
37 149
37 179
37 230
37 241
37 283
37 308
37 326
37 328
37 339
37 437
37 453
37 487
37 498
37 503
37 511
37 519
37 548
37 554
37 571
37 580
37 584
5 38
8 38
17 38
33 38
36 38
38 39
38 41
38 110
38 133
38 140
38 149
38 158
38 181
38 182
38 186
38 213
38 216
38 217
38 269
38 277
38 278
38 305
38 321
38 339
38 344
38 349
38 361
38 369
38 370
38 427
38 440
38 485
38 510
38 522
38 536
38 564
38 574
38 577
19 39
39 55
39 58
39 161
39 186
39 200
39 258
39 274
39 275
39 307
39 357
39 365
39 385
39 406
39 431
39 462
39 492
39 502
39 541
39 551
3 41
33 41
41 46
41 53
41 76
41 77
41 98
41 123
41 142
41 171
41 178
41 203
41 252
41 317
41 350
41 356
41 371
41 382
41 388
41 400
41 446
41 453
41 456
41 482
41 513
41 555
41 558
41 562
41 573
5 42
6 42
42 45
42 47
42 53
42 65
42 88
42 99
42 102
42 218
42 222
42 266
42 287
42 291
42 292
42 297
42 307
42 308
42 323
42 325
42 328
42 335
42 340
42 360
42 382
42 396
42 400
42 438
42 488
42 497
42 533
42 544
5 45
16 45
44 45
45 52
45 59
45 64
45 105
45 122
45 132
45 152
45 154
45 174
45 179
45 183
45 192
45 201
45 208
45 226
45 230
45 240
45 251
45 266
45 316
45 337
45 352
45 356
45 370
45 385
45 394
45 419
45 420
45 444
45 451
45 452
45 469
45 489
45 512
45 522
45 543
45 565
45 571
3 46
18 46
19 46
46 80
46 84
46 100
46 116
46 136
46 153
46 168
46 172
46 192
46 207
46 212
46 219
46 247
46 255
46 256
46 272
46 276
46 277
46 307
46 309
46 355
46 356
46 360
46 396
46 401
46 404
46 413
46 521
46 543
46 569
8 49
44 49
49 79
49 87
49 112
49 133
49 162
49 191
49 200
49 228
49 257
49 263
49 281
49 327
49 340
49 373
49 379
49 417
49 426
49 438
49 446
49 454
49 464
49 476
49 511
49 527
49 565
49 566
3 50
17 50
50 55
50 57
50 63
50 71
50 78
50 91
50 95
50 161
50 225
50 227
50 228
50 230
50 243
50 256
50 329
50 357
50 367
50 388
50 423
50 445
50 469
50 482
50 509
50 518
50 519
50 530
50 546
50 550
50 559
50 568
5 51
51 54
51 57
51 83
51 94
51 96
51 141
51 144
51 147
51 152
51 181
51 188
51 189
51 282
51 308
51 333
51 343
51 376
51 425
51 433
51 437
51 494
51 497
51 578
17 54
36 54
54 65
54 76
54 90
54 103
54 130
54 155
54 183
54 211
54 238
54 276
54 300
54 316
54 327
54 330
54 352
54 427
54 442
54 455
54 463
54 479
54 541
54 547
54 549
54 551
54 578
17 57
57 76
57 98
57 122
57 125
57 181
57 206
57 247
57 250
57 262
57 290
57 302
57 376
57 427
57 520
57 539
17 58
43 58
58 88
58 101
58 110
58 146
58 183
58 184
58 219
58 222
58 276
58 289
58 305
58 321
58 324
58 345
58 346
58 376
58 378
58 403
58 442
58 523
58 548
58 560
58 578
3 59
5 59
33 59
43 59
59 65
59 77
59 85
59 118
59 163
59 172
59 195
59 231
59 250
59 257
59 267
59 270
59 325
59 355
59 395
59 434
52 61
61 65
61 74
61 85
61 89
61 103
61 110
61 133
61 152
61 168
61 205
61 219
61 228
61 232
61 243
61 328
61 341
61 388
61 409
61 411
61 530
61 569
5 62
6 62
62 93
62 109
62 167
62 168
62 185
62 186
62 214
62 215
62 219
62 240
62 337
62 345
62 375
62 399
62 418
62 470
62 491
62 501
62 523
62 531
3 63
16 63
36 63
60 63
63 111
63 115
63 156
63 281
63 293
63 323
63 340
63 361
63 384
63 413
63 424
63 443
63 519
63 523
63 552
63 561
36 64
60 64
64 67
64 75
64 109
64 142
64 153
64 195
64 216
64 269
64 282
64 285
64 295
64 303
64 390
64 402
64 403
64 416
64 444
64 458
64 459
64 497
64 524
64 550
7 65
16 65
65 77
65 83
65 159
65 180
65 251
65 269
65 287
65 293
65 325
65 421
65 422
65 429
65 435
65 500
65 503
65 514
65 520
65 544
3 66
47 66
66 99
66 114
66 145
66 187
66 244
66 250
66 254
66 256
66 272
66 288
66 321
66 324
66 336
66 359
66 371
66 376
66 392
66 399
66 413
66 423
66 435
66 507
66 555
3 67
5 67
29 67
48 67
67 68
67 104
67 137
67 163
67 172
67 238
67 263
67 271
67 288
67 292
67 335
67 356
67 386
67 429
67 523
67 568
67 573
3 70
5 70
36 70
70 72
70 126
70 159
70 185
70 199
70 204
70 205
70 250
70 267
70 329
70 343
70 384
70 445
70 488
70 500
70 508
70 513
70 517
70 558
70 561
70 567
3 71
5 71
6 71
18 71
33 71
71 72
71 99
71 112
71 121
71 125
71 134
71 143
71 196
71 206
71 245
71 263
71 294
71 297
71 312
71 329
71 341
71 349
71 359
71 366
71 384
71 566
71 570
44 74
74 82
74 87
74 129
74 137
74 216
74 265
74 341
74 383
74 422
74 433
74 444
74 483
74 530
74 532
74 554
74 555
3 75
8 75
73 75
75 96
75 101
75 109
75 118
75 150
75 154
75 210
75 216
75 288
75 293
75 377
75 382
75 385
75 436
75 522
75 549
3 76
5 76
6 76
29 76
44 76
76 83
76 86
76 103
76 116
76 123
76 155
76 237
76 294
76 358
76 371
76 419
76 428
76 455
76 484
76 509
76 550
3 80
5 80
7 80
19 80
47 80
80 153
80 180
80 195
80 224
80 246
80 279
80 299
80 320
80 342
80 367
80 370
7 81
8 81
16 81
81 139
81 142
81 160
81 174
81 249
81 274
81 343
81 383
81 407
81 430
81 466
81 511
81 533
3 82
5 82
6 82
17 82
19 82
36 82
44 82
47 82
82 90
82 99
82 122
82 129
82 130
82 145
82 179
82 260
82 263
82 283
82 339
82 356
82 369
82 400
82 438
82 440
82 529
2 86
3 86
5 86
84 86
86 107
86 112
86 131
86 137
86 176
86 204
86 208
86 254
86 363
86 408
86 503
86 528
86 537
86 542
5 87
6 87
16 87
18 87
87 127
87 132
87 147
87 158
87 200
87 235
87 290
87 367
87 475
87 505
87 570
8 88
35 88
52 88
78 88
88 98
88 164
88 226
88 338
88 344
88 364
88 425
88 448
88 478
88 485
88 519
88 559
88 562
5 95
6 95
47 95
73 95
91 95
95 152
95 162
95 272
95 384
95 492
3 96
5 96
6 96
53 96
96 129
96 132
96 218
96 223
96 256
96 262
96 368
96 400
96 431
96 459
96 525
3 97
6 97
43 97
52 97
55 97
83 97
97 179
97 190
97 210
97 281
97 326
97 350
97 365
97 380
97 389
97 573
5 98
98 102
98 103
98 150
98 190
98 198
98 264
98 297
98 354
98 385
98 412
98 444
98 461
98 544
3 101
5 101
7 101
8 101
18 101
69 101
101 134
101 149
101 197
101 252
101 262
101 268
101 297
101 313
101 341
101 343
101 351
101 361
101 411
101 419
101 457
101 547
3 103
5 103
55 103
56 103
73 103
103 124
103 143
103 153
103 205
103 228
103 280
103 282
103 287
103 288
103 343
103 394
103 399
3 104
16 104
104 119
104 173
104 177
104 182
104 191
104 256
104 287
104 374
104 403
104 426
104 483
104 487
5 105
6 105
102 105
105 107
105 120
105 127
105 152
105 153
105 214
105 226
105 227
105 265
105 285
105 365
105 372
105 437
3 106
7 106
85 106
89 106
106 122
106 130
106 153
106 232
106 253
106 255
106 288
106 328
106 331
106 353
106 407
106 431
106 464
106 465
106 549
19 108
29 108
90 108
108 138
108 143
108 154
108 160
108 233
108 257
108 295
108 424
3 110
6 110
8 110
99 110
110 112
110 133
110 219
110 220
110 225
110 392
110 489
110 504
110 555
110 558
7 112
8 112
55 112
93 112
112 146
112 150
112 224
112 329
112 351
112 430
112 432
112 457
112 478
112 493
112 572
112 581
3 113
7 113
19 113
48 113
91 113
113 135
113 226
113 250
113 286
113 320
113 373
113 375
113 474
113 505
3 114
7 114
16 114
90 114
114 130
114 167
114 244
114 400
114 450
114 484
114 497
114 525
114 540
114 557
114 561
114 576
3 115
5 115
6 115
48 115
115 117
115 183
115 197
115 198
115 199
115 205
115 242
115 333
115 341
115 367
115 388
115 426
115 434
115 454
115 456
115 466
115 482
115 557
3 117
79 117
117 121
117 132
117 165
117 246
117 281
117 308
117 314
117 327
117 363
117 399
117 431
117 495
117 499
3 118
7 118
16 118
35 118
68 118
102 118
116 118
118 157
118 170
118 179
118 221
118 327
118 351
118 353
118 403
118 436
118 472
118 520
118 543
2 119
3 119
109 119
119 139
119 219
119 244
119 287
119 334
119 342
119 410
119 443
119 482
119 499
119 526
19 126
53 126
92 126
126 156
126 189
126 261
126 285
126 398
126 405
126 450
126 456
126 528
8 127
127 131
127 165
127 198
127 212
127 233
127 248
127 336
127 345
127 432
127 502
127 507
127 518
3 131
5 131
17 131
44 131
78 131
85 131
109 131
131 170
131 223
131 257
131 299
131 306
131 368
131 405
131 435
131 471
131 575
131 579
3 132
17 132
36 132
132 167
132 193
132 205
132 230
132 268
132 291
132 328
132 338
132 348
132 386
132 432
132 471
132 485
132 564
6 137
18 137
137 162
137 266
137 360
137 370
137 393
137 399
137 528
137 557
3 139
6 139
83 139
139 148
139 175
139 196
139 218
139 326
139 461
139 486
3 140
6 140
140 176
140 293
140 414
140 471
140 504
140 572
3 141
8 141
19 141
141 148
141 154
141 189
141 191
141 203
141 236
141 261
141 287
141 309
141 403
141 437
141 449
5 143
6 143
8 143
17 143
18 143
143 186
143 240
143 276
143 372
143 373
143 429
143 474
143 544
143 546
143 562
3 145
5 145
7 145
8 145
47 145
93 145
102 145
111 145
124 145
145 196
145 314
145 340
145 361
145 485
145 584
3 146
5 146
56 146
90 146
94 146
146 150
146 203
146 246
146 262
146 443
146 472
6 147
7 147
40 147
79 147
84 147
147 210
147 222
147 252
147 341
147 365
147 549
3 150
6 150
16 150
53 150
90 150
124 150
144 150
150 170
150 178
150 215
150 240
150 247
150 290
150 304
150 320
150 377
150 488
150 497
150 524
150 543
150 582
5 151
48 151
52 151
56 151
85 151
151 201
151 223
151 252
151 285
151 304
151 357
151 370
151 457
151 490
151 539
151 581
5 153
6 153
8 153
29 153
91 153
153 311
153 474
153 488
3 154
5 154
6 154
33 154
60 154
154 155
154 160
154 161
154 322
154 366
154 376
154 388
154 400
154 484
3 155
5 155
7 155
85 155
122 155
130 155
149 155
155 156
155 194
155 245
155 291
155 298
155 449
155 473
155 495
3 158
6 158
60 158
102 158
158 163
158 189
158 208
158 387
158 430
158 583
3 160
5 160
94 160
160 161
160 179
160 268
160 286
160 287
160 289
160 309
160 351
160 412
160 438
5 161
6 161
8 161
17 161
69 161
93 161
116 161
161 268
161 305
161 328
161 380
161 434
161 436
161 493
161 535
5 162
8 162
19 162
43 162
68 162
134 162
156 162
162 166
162 171
162 199
162 389
162 453
162 474
162 477
162 478
162 536
3 164
6 164
52 164
72 164
100 164
142 164
164 191
164 259
164 335
164 352
164 374
164 476
164 482
164 488
164 531
164 563
7 166
16 166
55 166
92 166
166 229
166 243
166 248
166 271
166 384
166 402
166 446
166 486
166 506
166 529
166 546
5 171
7 171
8 171
56 171
92 171
122 171
171 209
171 218
171 240
171 282
171 331
171 453
171 518
3 172
6 172
33 172
40 172
73 172
172 181
172 183
172 215
172 217
172 231
172 257
172 274
172 275
172 364
172 430
172 440
172 470
3 173
6 173
16 173
78 173
144 173
148 173
173 214
173 222
173 301
173 327
173 347
173 422
173 466
173 532
5 174
6 174
99 174
174 292
174 368
174 415
174 444
174 467
174 479
174 486
174 492
174 524
3 175
5 175
17 175
56 175
72 175
93 175
175 259
175 262
175 298
175 346
175 369
175 400
175 403
175 470
175 473
175 483
175 518
175 529
5 177
6 177
17 177
52 177
91 177
124 177
159 177
177 211
177 266
177 368
177 401
177 420
177 545
3 178
5 178
6 178
55 178
60 178
178 288
178 515
178 544
3 179
7 179
47 179
102 179
179 190
179 235
179 310
179 344
179 539
179 552
3 180
5 180
6 180
16 180
18 180
29 180
89 180
93 180
128 180
180 377
180 433
180 517
3 182
6 182
8 182
19 182
73 182
92 182
123 182
125 182
167 182
182 317
182 353
182 379
182 467
182 509
3 183
8 183
17 183
47 183
130 183
183 212
183 271
183 302
183 410
3 185
68 185
99 185
185 208
185 214
185 263
185 338
185 349
185 456
3 187
5 187
73 187
89 187
94 187
128 187
187 235
187 251
187 262
187 301
187 461
187 491
187 541
7 188
123 188
130 188
133 188
134 188
138 188
188 228
188 241
188 477
188 518
188 545
188 561
5 189
17 189
148 189
181 189
189 204
189 244
189 303
189 338
189 416
189 443
189 446
189 463
189 484
189 516
7 191
130 191
149 191
169 191
191 199
191 203
191 482
191 500
191 575
3 192
5 192
6 192
17 192
35 192
192 219
192 304
192 327
192 335
192 337
192 345
192 348
192 379
192 473
192 575
60 195
69 195
170 195
186 195
193 195
195 238
195 264
195 265
195 354
195 367
195 450
195 489
195 510
3 197
6 197
19 197
60 197
197 220
197 357
197 403
197 409
197 419
197 520
197 567
5 198
7 198
121 198
198 209
198 211
198 250
198 258
198 274
198 280
198 305
198 309
198 316
198 369
3 199
18 199
36 199
56 199
199 210
199 248
199 289
199 345
199 444
199 459
199 554
3 202
6 202
7 202
121 202
168 202
202 273
202 304
202 447
202 460
202 471
3 203
142 203
148 203
193 203
203 217
203 222
203 300
203 321
203 416
203 463
203 480
3 205
6 205
205 210
205 290
205 380
205 393
205 421
205 469
3 207
6 207
29 207
68 207
142 207
204 207
207 235
207 258
207 297
207 300
207 319
207 330
207 348
207 364
207 430
207 521
207 560
207 566
207 570
3 210
5 210
17 210
93 210
201 210
210 263
210 354
210 397
210 413
17 211
53 211
79 211
92 211
211 221
211 226
211 254
211 329
211 455
211 568
44 212
56 212
93 212
120 212
212 300
212 514
212 548
3 214
5 214
6 214
55 214
214 334
214 347
214 367
214 392
214 427
3 217
73 217
79 217
217 247
217 317
217 319
217 326
217 382
217 402
217 412
217 493
3 223
5 223
18 223
208 223
223 275
223 344
223 399
223 480
223 538
3 227
5 227
6 227
35 227
213 227
227 261
227 277
227 358
227 391
227 569
3 230
5 230
7 230
43 230
55 230
186 230
230 322
230 350
230 352
230 371
230 441
230 506
230 520
5 231
8 231
17 231
18 231
220 231
231 247
231 328
231 372
231 408
231 445
231 495
231 565
3 232
17 232
43 232
53 232
68 232
84 232
232 248
232 255
232 270
232 280
232 500
232 512
232 531
232 546
5 233
6 233
29 233
60 233
93 233
125 233
233 258
233 265
233 289
233 305
233 330
233 377
233 417
233 503
233 555
6 234
8 234
52 234
102 234
111 234
234 261
234 284
234 346
234 413
234 474
234 561
7 236
16 236
68 236
85 236
128 236
209 236
213 236
236 299
236 408
236 453
236 487
236 500
236 581
79 237
209 237
222 237
224 237
237 246
237 275
237 332
237 401
237 417
237 441
237 451
237 474
3 238
6 238
17 238
19 238
36 238
125 238
219 238
238 261
238 325
238 366
238 392
238 482
238 493
238 526
238 528
3 240
5 240
8 240
48 240
55 240
92 240
168 240
240 260
240 280
240 300
240 366
240 446
3 246
52 246
73 246
99 246
190 246
246 254
246 256
246 264
246 269
246 279
246 485
3 247
5 247
196 247
225 247
247 402
247 441
247 514
247 527
5 249
33 249
60 249
109 249
249 284
249 387
249 391
249 429
3 252
7 252
35 252
149 252
181 252
252 387
252 411
252 426
252 503
3 253
53 253
120 253
221 253
253 314
253 390
253 412
253 414
253 491
253 529
253 535
253 545
3 254
8 254
168 254
219 254
254 323
254 328
254 350
254 358
254 392
16 255
128 255
255 295
255 507
255 518
7 256
121 256
124 256
256 476
48 258
60 258
102 258
251 258
258 314
258 332
258 470
3 259
5 259
8 259
77 259
184 259
224 259
259 327
259 363
259 379
259 398
259 449
259 466
259 551
259 571
6 261
52 261
261 439
261 440
261 457
261 541
5 262
6 262
109 262
245 262
262 277
262 360
262 477
262 565
8 264
53 264
55 264
116 264
136 264
264 303
264 379
264 448
264 459
264 507
3 265
5 265
6 265
16 265
29 265
265 270
265 327
265 456
265 524
3 267
8 267
16 267
19 267
138 267
194 267
267 450
267 530
267 552
3 269
229 269
257 269
269 271
269 276
269 329
269 423
269 465
269 475
269 529
3 271
17 271
90 271
271 293
5 274
83 274
109 274
135 274
167 274
274 367
274 418
274 466
274 532
3 278
6 278
53 278
69 278
94 278
278 314
278 353
278 538
5 281
73 281
136 281
218 281
266 281
281 348
281 356
281 371
281 398
281 410
281 421
281 459
3 286
5 286
6 286
33 286
40 286
55 286
284 286
286 287
286 314
286 362
5 288
8 288
43 288
288 404
288 437
288 540
7 292
29 292
35 292
60 292
116 292
148 292
176 292
292 295
292 337
292 350
292 439
5 293
7 293
17 293
33 293
142 293
149 293
293 417
293 436
3 294
5 294
135 294
165 294
294 322
294 418
294 462
294 470
294 521
294 546
3 295
6 295
36 295
48 295
53 295
184 295
218 295
295 319
295 328
295 374
295 417
5 296
7 296
17 296
19 296
79 296
91 296
92 296
135 296
181 296
260 296
296 335
296 406
296 547
5 300
6 300
7 300
297 300
300 338
300 342
300 351
300 457
3 301
5 301
16 301
17 301
40 301
44 301
60 301
83 301
224 301
242 301
301 353
301 520
8 303
48 303
72 303
85 303
303 328
3 307
5 307
52 307
85 307
91 307
225 307
279 307
307 391
307 428
307 451
307 533
307 571
3 308
5 308
6 308
7 308
200 308
308 313
308 422
308 447
308 484
308 532
308 553
6 309
7 309
163 309
309 331
309 476
309 514
309 551
3 310
5 310
33 310
310 370
310 385
310 423
310 502
310 508
55 312
89 312
200 312
272 312
279 312
312 358
312 483
312 534
3 317
6 317
29 317
120 317
149 317
220 317
317 362
317 379
317 425
7 318
8 318
60 318
73 318
318 337
318 450
318 487
318 501
318 574
3 319
6 319
235 319
319 346
319 391
319 532
3 321
6 321
72 321
213 321
321 440
321 501
3 324
7 324
35 324
77 324
85 324
121 324
125 324
225 324
324 334
324 455
8 327
47 327
138 327
290 327
327 358
327 460
327 554
3 329
5 329
6 329
8 329
35 329
43 329
93 329
229 329
277 329
322 329
329 480
329 511
329 521
5 330
6 330
78 330
330 435
330 472
3 331
6 331
16 331
297 331
331 337
331 414
331 431
331 532
8 332
18 332
35 332
218 332
239 332
287 332
332 543
332 545
332 557
3 333
5 333
8 333
47 333
298 333
333 362
333 521
333 541
333 543
5 334
6 334
35 334
68 334
121 334
213 334
7 335
19 335
109 335
129 335
335 480
335 509
335 548
128 336
336 347
336 464
336 542
336 574
336 575
5 337
7 337
92 337
225 337
320 337
326 337
337 376
337 405
337 407
337 436
337 465
337 486
3 339
17 339
136 339
215 339
272 339
339 391
339 430
339 438
339 473
339 514
339 550
339 569
3 340
7 340
93 340
111 340
277 340
287 340
340 400
3 342
5 342
17 342
40 342
135 342
257 342
342 382
342 439
342 467
342 491
16 343
48 343
53 343
157 343
200 343
206 343
275 343
3 345
8 345
19 345
35 345
43 345
138 345
345 371
345 404
345 427
345 442
345 467
6 346
138 346
284 346
316 346
130 348
229 348
348 424
348 496
348 502
348 568
5 349
18 349
218 349
243 349
290 349
349 404
349 514
349 533
349 566
349 571
3 354
6 354
8 354
99 354
354 368
354 386
354 437
354 489
354 492
354 542
354 560
6 355
35 355
36 355
79 355
134 355
170 355
228 355
355 514
3 359
8 359
55 359
56 359
84 359
282 359
338 359
359 481
359 482
359 497
7 361
43 361
91 361
313 361
361 484
361 548
6 364
7 364
273 364
283 364
352 364
364 397
364 475
364 498
364 548
3 365
7 365
43 365
94 365
225 365
365 389
365 505
365 519
3 366
19 366
136 366
366 370
366 388
366 434
366 459
366 489
5 367
52 367
53 367
77 367
152 367
367 385
3 368
18 368
19 368
200 368
316 368
368 391
368 418
368 472
368 512
3 369
7 369
47 369
282 369
369 478
369 495
369 544
369 568
3 370
93 370
111 370
194 370
370 499
221 372
251 372
275 372
276 372
277 372
372 413
372 480
372 521
372 551
3 374
5 374
7 374
19 374
47 374
69 374
134 374
328 374
374 432
374 520
3 375
5 375
16 375
48 375
85 375
196 375
375 519
5 376
73 376
90 376
284 376
326 376
376 542
376 550
5 379
93 379
228 379
379 481
379 505
379 509
3 380
73 380
120 380
124 380
144 380
219 380
235 380
380 383
380 412
380 454
380 527
6 382
128 382
248 382
287 382
382 471
382 508
6 385
157 385
385 494
385 554
3 386
77 386
351 386
386 412
386 434
386 453
16 387
43 387
159 387
387 395
387 419
387 517
387 519
387 536
5 389
90 389
186 389
193 389
215 389
389 405
389 468
389 507
6 390
8 390
93 390
107 390
149 390
224 390
390 399
390 460
390 486
390 516
3 391
5 391
16 391
44 391
102 391
299 391
391 396
391 453
19 392
29 392
226 392
392 394
392 548
3 395
5 395
6 395
92 395
111 395
250 395
344 395
381 395
395 489
395 506
395 507
3 396
6 396
35 396
90 396
243 396
320 396
322 396
396 404
396 539
3 399
72 399
136 399
194 399
304 399
399 402
399 513
399 516
399 528
399 542
6 400
19 400
124 400
400 460
3 401
121 401
152 401
316 401
401 418
401 424
401 523
401 579
3 404
16 404
121 404
125 404
338 404
404 486
404 513
404 566
8 405
72 405
73 405
92 405
168 405
209 405
225 405
282 405
328 405
3 406
6 406
17 406
52 406
152 406
156 406
406 420
406 492
406 502
17 408
19 408
79 408
123 408
152 408
298 408
408 427
3 409
5 409
8 409
40 409
83 409
84 409
135 409
149 409
215 409
325 409
351 409
409 434
409 511
3 410
6 410
7 410
47 410
53 410
311 410
410 566
410 571
3 411
5 411
43 411
94 411
107 411
116 411
156 411
196 411
204 411
411 467
411 570
6 413
53 413
56 413
102 413
251 413
279 413
413 454
413 542
6 417
47 417
100 417
122 417
133 417
268 419
412 419
419 424
419 516
3 422
6 422
44 422
222 422
313 422
322 422
422 449
422 474
3 423
53 423
111 423
206 423
220 423
245 423
423 429
6 425
19 425
52 425
83 425
91 425
425 426
425 433
425 501
425 505
3 426
92 426
129 426
341 426
412 426
426 443
426 580
17 428
29 428
40 428
289 428
305 428
428 490
3 431
16 431
72 431
123 431
431 434
431 494
3 434
8 434
134 434
136 434
169 434
362 434
434 490
3 439
6 439
35 439
206 439
224 439
439 489
439 519
439 575
3 440
138 440
163 440
224 440
283 440
299 440
388 440
440 471
440 543
5 442
7 442
19 442
72 442
442 496
442 525
8 448
36 448
89 448
99 448
275 448
448 554
3 449
5 449
6 449
43 449
176 449
220 449
241 449
275 449
449 456
449 479
5 450
43 450
47 450
52 450
77 450
99 450
244 450
450 537
3 451
36 451
40 451
220 451
384 451
451 498
451 499
6 455
92 455
284 455
384 455
394 455
412 455
433 455
455 563
455 567
5 456
7 456
8 456
357 456
6 457
17 457
35 457
48 457
193 457
360 457
457 522
3 458
5 458
6 458
8 458
17 458
29 458
77 458
92 458
123 458
142 458
311 458
458 475
5 459
6 459
8 459
55 459
107 459
125 459
148 459
165 459
394 459
459 564
3 463
55 463
107 463
463 522
463 538
5 467
73 467
84 467
193 467
304 467
5 472
6 472
52 472
116 472
242 472
347 472
472 566
3 473
7 473
36 473
135 473
221 473
473 501
306 474
474 503
3 476
5 476
6 476
73 476
165 476
186 476
266 476
476 499
6 479
7 479
8 479
60 479
69 479
221 479
239 479
315 479
373 479
383 479
430 479
441 479
5 484
3 485
69 485
123 485
416 485
420 485
485 502
5 488
48 488
73 488
94 488
102 488
421 488
488 511
5 489
316 489
489 514
3 490
17 490
73 490
322 490
338 490
362 490
3 491
5 491
6 491
7 491
8 491
53 491
297 491
338 491
433 491
481 491
491 548
491 564
7 497
18 497
69 497
497 511
8 498
144 498
225 498
263 498
357 498
470 498
498 513
498 534
498 552
3 499
5 499
7 499
16 499
107 499
298 499
326 499
421 499
16 500
55 500
99 500
125 500
138 500
216 500
478 500
2 503
3 503
5 503
17 503
40 503
201 503
503 526
503 557
503 560
503 570
6 504
19 504
287 504
347 504
351 504
5 505
6 505
83 505
344 505
505 553
505 576
3 508
5 508
285 508
302 508
508 541
3 509
48 509
120 509
133 509
283 509
465 509
509 516
509 566
3 510
311 510
510 518
510 539
5 513
6 513
33 513
384 513
3 518
29 518
60 518
421 518
518 564
17 519
18 519
148 519
519 520
3 520
8 520
36 520
306 520
6 522
7 522
16 522
85 522
94 522
235 522
378 522
461 522
512 522
3 523
5 523
6 523
8 523
29 523
444 523
18 524
165 524
176 524
251 524
494 524
3 525
48 525
91 525
100 525
190 525
377 525
525 540
525 582
6 527
55 527
250 527
272 527
284 527
325 527
527 551
68 528
72 528
79 528
452 528
496 528
512 528
528 570
528 583
3 529
7 529
55 529
123 529
427 529
529 551
6 531
464 531
511 531
3 532
35 532
83 532
176 532
186 532
507 532
5 537
6 537
48 537
56 537
219 537
282 537
537 539
3 538
40 538
216 538
273 538
454 538
3 540
5 540
17 540
99 540
163 540
540 561
5 542
6 542
483 542
3 543
5 543
6 543
7 543
73 543
193 543
224 543
3 546
19 546
275 546
381 546
546 577
3 548
111 548
320 548
481 548
5 553
36 553
220 553
447 553
477 553
43 555
92 555
222 555
325 555
3 558
169 558
208 558
558 559
558 571
3 564
6 564
7 564
16 564
29 564
430 564
475 564
90 568
121 568
130 568
315 568
3 570
17 570
149 570
218 570
268 570
432 570
552 570
3 571
5 571
313 571
3 572
5 572
6 572
18 572
124 572
298 572
3 575
8 575
16 575
53 575
156 575
305 575
6 577
8 577
35 577
92 577
152 577
208 577
3 578
29 578
123 578
148 578
299 578
445 578
3 579
6 579
8 579
17 579
18 579
128 579
135 579
284 579
5 580
122 580
184 580
468 580
506 580
29 581
100 581
204 581
297 581
3 582
6 582
36 582
40 582
91 582
216 582
5 583
6 583
17 583
251 583
305 583
511 583
3 584
5 584
18 584
427 584
429 584
2 3
2 5
2 6
2 17
2 120
2 298
3 5
3 6
3 7
3 8
3 16
3 29
3 33
3 36
3 40
3 44
3 52
3 55
3 56
3 73
3 79
3 85
3 89
3 90
3 93
3 94
3 99
3 100
3 102
3 109
3 122
3 123
3 125
3 129
3 133
3 134
3 138
3 144
3 148
3 152
3 165
3 168
3 170
3 176
3 181
3 186
3 190
3 193
3 196
3 200
3 204
3 216
3 219
3 220
3 221
3 224
3 225
3 226
3 228
3 229
3 235
3 239
3 241
3 243
3 244
3 245
3 248
3 251
3 257
3 266
3 268
3 270
3 275
3 279
3 280
3 282
3 285
3 290
3 297
3 298
3 299
3 302
3 304
3 311
3 315
3 316
3 322
3 323
3 325
3 328
3 338
3 341
3 350
3 351
3 352
3 353
3 356
3 357
3 360
3 362
3 371
3 373
3 378
3 383
3 384
3 388
3 394
3 397
3 402
3 407
3 415
3 418
3 421
3 429
3 430
3 435
3 436
3 437
3 441
3 443
3 445
3 446
3 447
3 453
3 454
3 460
3 462
3 464
3 465
3 468
3 469
3 470
3 471
3 480
3 482
3 483
3 493
3 494
3 495
3 501
3 502
3 506
3 507
3 512
3 514
3 517
3 535
3 541
3 547
3 549
3 550
3 556
3 557
3 559
3 560
3 561
3 566
3 573
3 574
5 6
5 16
5 18
5 29
5 40
5 43
5 52
5 55
5 68
5 72
5 83
5 89
5 91
5 94
5 99
5 102
5 107
5 125
5 128
5 129
5 133
5 144
5 148
5 159
5 165
5 167
5 181
5 193
5 200
5 204
5 208
5 209
5 215
5 216
5 220
5 221
5 224
5 225
5 235
5 241
5 242
5 243
5 257
5 260
5 268
5 270
5 272
5 275
5 276
5 280
5 282
5 290
5 297
5 298
5 299
5 311
5 316
5 322
5 323
5 326
5 328
5 341
5 344
5 351
5 353
5 356
5 358
5 371
5 373
5 383
5 393
5 397
5 412
5 420
5 421
5 429
5 435
5 438
5 452
5 453
5 454
5 462
5 465
5 469
5 470
5 475
5 477
5 478
5 481
5 482
5 487
5 494
5 495
5 502
5 506
5 507
5 512
5 515
5 534
5 539
5 544
5 549
5 550
5 551
5 561
5 563
5 567
6 7
6 18
6 33
6 36
6 44
6 48
6 52
6 53
6 91
6 93
6 94
6 111
6 116
6 120
6 124
6 128
6 135
6 136
6 138
6 142
6 148
6 157
6 163
6 165
6 176
6 186
6 193
6 194
6 196
6 200
6 209
6 213
6 215
6 220
6 221
6 224
6 228
6 244
6 273
6 279
6 282
6 298
6 306
6 313
6 326
6 341
6 353
6 356
6 357
6 362
6 363
6 371
6 377
6 378
6 383
6 398
6 412
6 420
6 424
6 433
6 437
6 441
6 446
6 464
6 469
6 470
6 481
6 482
6 494
6 502
6 511
6 514
6 517
6 534
6 541
6 551
6 556
6 562
6 563
6 567
6 574
17 44
17 47
17 93
17 120
17 133
17 152
17 165
17 170
17 241
17 251
17 270
17 315
17 328
17 338
17 381
17 452
17 486
17 493
17 521
17 560
17 573
16 120
120 123
120 124
120 144
120 163
120 283
120 541
19 298
33 298
36 298
83 298
85 298
133 298
276 298
298 352
298 478
298 536
7 16
7 40
7 44
7 53
7 60
7 73
7 78
7 83
7 89
7 91
7 102
7 111
7 122
7 136
7 144
7 157
7 159
7 165
7 168
7 184
7 218
7 220
7 221
7 242
7 244
7 315
7 322
7 344
7 356
7 371
7 377
7 381
7 383
7 384
7 397
7 415
7 427
7 430
7 436
7 454
7 460
7 482
7 512
7 514
7 530
7 547
7 556
7 562
8 16
8 18
8 33
8 36
8 43
8 44
8 55
8 91
8 92
8 136
8 138
8 142
8 148
8 163
8 184
8 190
8 194
8 196
8 243
8 250
8 260
8 276
8 280
8 299
8 305
8 347
8 351
8 357
8 394
8 418
8 427
8 429
8 432
8 438
8 441
8 443
8 446
8 454
8 465
8 477
8 493
8 514
8 534
8 539
8 541
8 549
8 556
8 559
8 560
8 565
8 569
8 573
8 574
16 29
16 60
16 72
16 84
16 85
16 136
16 181
16 275
16 290
16 291
16 302
16 347
16 362
16 407
16 421
16 465
16 487
16 502
16 507
16 517
16 530
18 29
29 94
29 121
29 128
29 213
29 216
29 220
29 241
29 283
29 305
29 363
29 418
29 421
29 437
29 441
29 477
29 541
33 53
33 123
33 156
33 159
33 165
33 184
33 221
33 257
33 276
33 316
33 350
33 373
33 468
33 475
33 494
33 506
33 516
33 534
33 573
33 574
36 43
36 68
36 116
36 123
36 156
36 168
36 176
36 283
36 326
36 414
36 416
36 436
36 453
36 466
36 512
36 514
36 530
36 574
40 47
40 102
40 111
40 208
40 241
40 344
40 360
40 403
40 429
40 432
40 444
40 447
40 507
40 515
40 521
40 544
44 55
44 83
44 111
44 220
44 226
44 287
44 304
44 315
44 381
44 447
44 535
44 544
44 567
52 84
52 149
52 170
52 275
52 313
52 383
52 403
52 407
52 415
52 437
52 475
52 535
52 536
55 125
55 221
55 224
55 362
55 383
55 429
55 436
55 492
43 56
56 152
56 168
56 193
56 371
56 493
56 501
56 530
56 544
56 562
56 567
73 116
73 133
73 184
73 215
73 244
73 289
73 325
73 460
79 91
79 165
79 167
79 287
79 305
79 443
79 492
79 576
85 398
85 443
19 89
89 111
89 129
89 347
89 415
89 487
89 501
35 90
90 99
90 239
90 268
90 351
90 414
90 515
18 93
93 163
93 218
93 273
93 305
93 453
93 480
18 94
94 100
94 157
94 201
94 270
94 283
94 304
94 430
94 515
94 554
99 156
99 209
99 289
99 424
99 535
99 576
100 239
100 358
100 416
100 477
100 552
19 102
102 107
102 208
102 245
102 287
102 315
102 567
109 313
109 320
109 347
109 487
53 122
122 125
122 193
122 219
122 222
122 228
122 475
122 506
123 224
123 441
123 445
18 125
125 142
68 129
129 299
129 429
129 447
129 576
48 133
133 194
47 134
68 134
134 276
134 277
134 344
48 138
138 200
138 322
138 351
138 393
138 412
78 144
144 156
144 163
144 176
144 206
144 297
144 469
107 148
148 502
60 152
83 152
152 289
152 306
152 470
152 482
152 535
165 358
165 534
69 168
168 181
168 204
168 460
111 170
170 194
170 273
170 279
170 280
170 302
170 487
170 496
149 176
176 285
176 341
68 181
181 279
181 407
181 415
69 186
142 186
186 239
186 378
186 481
83 190
190 326
190 424
190 561
193 248
193 403
193 430
128 196
196 213
196 226
196 323
196 398
69 200
77 200
200 567
35 204
78 204
157 204
204 287
204 302
204 326
204 373
163 216
216 424
216 437
159 219
91 220
220 242
220 289
220 357
19 221
69 221
107 221
116 221
157 221
221 517
83 224
224 550
78 225
225 325
225 452
225 541
225 560
78 226
226 433
226 447
206 228
228 299
228 407
169 229
229 241
229 416
229 475
229 494
229 507
229 544
69 235
124 235
235 289
235 315
48 239
92 239
239 282
239 462
239 566
43 241
135 241
241 403
241 452
241 557
84 243
201 243
243 341
243 418
243 436
18 244
60 244
121 244
142 244
244 314
244 433
53 245
77 245
245 257
245 338
245 418
245 563
43 248
121 248
68 251
222 251
18 257
60 257
83 257
124 257
257 539
257 565
53 266
266 272
266 398
266 415
18 268
19 268
60 268
268 384
268 393
268 432
43 270
78 270
83 270
136 270
201 270
270 305
270 394
270 460
270 483
206 275
242 275
275 480
18 279
208 279
279 373
279 414
279 515
43 280
280 414
60 282
107 282
285 487
285 561
290 397
290 447
290 475
43 297
297 420
297 469
297 477
299 502
215 302
302 471
304 464
304 470
304 567
68 311
159 311
283 311
311 541
68 315
157 315
315 350
315 393
53 316
313 316
316 371
156 322
250 322
322 438
322 534
323 363
323 534
325 358
328 356
328 371
328 565
84 338
213 338
326 338
338 465
341 444
341 464
128 351
313 351
184 352
313 352
352 475
111 353
313 353
353 444
19 356
18 357
357 363
357 466
357 502
218 360
360 460
360 475
121 362
314 362
362 466
362 526
371 446
371 478
107 373
194 373
206 373
77 378
378 445
378 494
378 574
84 383
306 383
383 403
383 526
169 384
384 517
19 388
78 388
130 388
388 420
388 545
388 552
388 562
18 394
394 397
48 397
213 397
397 433
397 511
397 573
397 574
222 402
242 402
402 462
402 471
77 407
78 407
135 407
163 407
407 447
149 415
169 415
415 435
415 557
415 566
260 418
47 421
421 534
421 563
427 429
429 481
18 430
77 430
47 435
169 435
277 436
424 436
124 437
437 545
60 441
443 533
443 534
78 445
284 445
377 445
445 480
116 446
69 447
84 447
447 551
289 453
35 454
48 454
454 465
454 487
454 541
454 547
194 460
460 541
460 563
60 462
78 462
215 462
272 462
83 464
291 464
452 464
19 465
77 465
107 465
465 494
465 506
18 468
19 468
35 468
43 468
78 468
344 468
468 495
142 469
416 469
469 530
469 556
469 566
18 470
77 471
159 471
18 480
149 480
156 480
381 480
480 547
35 482
121 482
43 483
83 483
83 493
130 493
222 493
493 551
130 494
438 494
78 495
167 495
306 495
393 495
201 501
320 501
381 501
475 502
502 556
18 506
128 507
263 507
507 533
18 512
19 512
512 549
19 514
398 514
169 517
194 517
313 517
291 535
48 547
398 547
536 549
68 550
69 550
260 550
550 561
18 556
77 556
83 556
91 556
287 556
18 557
19 557
539 557
43 559
53 559
84 559
250 559
554 559
381 566
444 566
128 573
18 574
18 69
18 157
18 159
18 194
18 213
18 222
18 398
18 424
18 496
18 530
18 554
18 576
19 157
19 201
19 222
19 403
19 526
19 576
48 77
48 215
48 277
48 358
48 377
68 69
68 209
68 306
68 381
68 544
72 135
72 314
83 121
83 130
83 344
83 381
83 438
83 492
83 569
69 107
107 121
107 283
124 291
124 320
128 273
128 393
128 533
53 157
157 515
163 516
163 565
167 209
167 289
167 291
167 305
167 398
167 424
167 563
77 213
222 433
116 242
242 414
242 565
43 260
218 260
260 272
260 536
47 276
69 276
276 377
276 414
276 492
111 289
53 314
314 326
314 563
111 326
326 398
326 563
277 347
347 416
347 478
60 363
363 481
92 381
287 403
91 424
263 424
77 452
452 562
111 461
116 461
159 461
272 481
487 565
35 492
130 496
344 496
69 530
135 552
142 552
60 554
77 554
159 563
84 567
551 567
91 576
35 43
43 91
43 111
43 486
43 511
47 91
91 215
91 539
156 159
159 358
159 414
159 444
35 208
116 208
208 536
135 209
215 544
142 272
272 551
344 545
35 358
47 393
283 393
142 438
78 477
184 515
84 544
53 92
53 414
116 533
35 135
78 135
135 306
136 184
47 142
194 313
263 273
273 306
273 414
273 432
35 306
313 569
84 377
291 377
398 569
432 511
60 218
78 149
184 536
35 250
47 77
121 444
84 536
84 284
284 287
77 414
444 533
35 84
283 486
169 201
77 169
