1 2
1 3
1 4
1 5
1 6
1 7
1 8
1 9
1 10
1 11
1 12
1 13
1 14
1 15
1 16
1 17
1 18
1 19
1 20
1 21
1 22
1 23
1 24
1 25
1 26
1 27
1 28
1 29
1 30
1 31
1 32
1 33
1 34
1 35
1 36
1 37
1 38
1 39
1 40
1 41
1 42
1 43
1 44
1 45
1 46
1 47
1 48
1 49
1 50
1 51
1 52
1 53
1 54
1 55
1 56
1 57
1 58
1 59
1 60
1 61
1 62
1 63
1 64
1 65
1 66
1 67
1 68
1 69
1 70
1 71
1 72
1 73
1 74
1 75
1 76
1 77
1 78
1 79
1 80
1 81
1 82
1 83
1 84
1 85
1 86
1 87
1 88
1 89
1 90
1 91
1 92
1 93
1 94
1 95
1 96
1 97
1 98
1 99
1 100
1 101
1 102
1 103
1 104
1 105
1 106
1 107
1 108
1 109
1 110
1 111
1 112
1 113
1 114
1 115
1 116
1 117
1 118
1 119
1 120
1 121
1 122
1 123
1 124
1 125
1 126
1 127
1 128
1 129
1 130
1 131
1 132
1 133
1 134
1 135
1 136
1 137
1 138
1 139
1 140
1 141
1 142
1 143
1 144
1 145
1 146
1 147
1 148
1 149
1 150
1 151
1 152
1 153
1 154
1 155
1 156
1 157
1 158
1 159
1 160
1 161
1 162
1 163
1 164
1 165
1 166
1 167
1 168
1 169
1 170
1 171
1 172
1 173
1 174
1 175
1 176
1 177
1 178
1 179
1 180
1 181
1 182
1 183
1 184
1 185
1 186
1 187
1 188
1 189
1 190
1 191
1 192
1 193
1 194
1 195
1 196
1 197
1 198
1 199
1 200
1 201
1 202
1 203
1 204
1 205
1 206
1 207
1 208
1 209
1 210
1 211
1 212
1 213
1 214
1 215
1 216
1 217
1 218
1 219
1 220
1 221
1 222
1 223
1 224
1 225
1 226
1 227
1 228
1 229
1 230
1 231
1 232
1 233
1 234
1 235
1 236
1 237
1 238
1 239
1 240
1 241
1 242
1 243
1 244
1 245
1 246
1 247
1 248
1 249
1 250
1 251
1 252
1 253
1 254
1 255
1 256
1 257
1 258
1 259
1 260
1 261
1 262
1 263
1 264
1 265
1 266
1 267
1 268
1 269
1 270
1 271
1 272
1 273
1 274
1 275
1 276
1 277
1 278
1 279
1 280
1 281
1 282
1 283
1 284
1 285
1 286
1 287
1 288
1 289
1 290
1 291
1 292
1 293
1 294
1 295
1 296
1 297
1 298
1 299
1 300
1 301
1 302
1 303
1 304
1 305
1 306
1 307
1 308
1 309
1 310
1 311
1 312
1 313
1 314
1 315
1 316
1 317
1 318
1 319
1 320
1 321
1 322
1 323
1 324
1 325
1 326
1 327
1 328
1 329
1 330
1 331
1 332
1 333
1 334
1 335
1 336
1 337
1 338
1 339
1 340
1 341
1 342
1 343
1 344
1 345
1 346
1 347
1 348
1 349
1 350
1 351
1 352
1 353
1 354
1 355
1 356
1 357
1 358
1 359
1 360
1 361
1 362
1 363
1 364
1 365
1 366
1 367
1 368
1 369
1 370
1 371
1 372
1 373
1 374
1 375
1 376
1 377
1 378
1 379
1 380
1 381
1 382
1 383
1 384
1 385
1 386
1 387
1 388
1 389
1 390
1 391
1 392
1 393
1 394
1 395
1 396
1 397
1 398
1 399
1 400
1 401
1 402
1 403
1 404
1 405
1 406
1 407
1 408
1 409
1 410
1 411
1 412
1 413
1 414
1 415
1 416
1 417
1 418
1 419
1 420
1 421
1 422
1 423
1 424
1 425
1 426
1 427
1 428
1 429
1 430
1 431
1 432
1 433
1 434
1 435
1 436
1 437
1 438
1 439
1 440
1 441
1 442
1 443
1 444
1 445
1 446
1 447
1 448
1 449
1 450
1 451
1 452
1 453
1 454
1 455
1 456
1 457
1 458
1 459
1 460
1 461
1 462
1 463
1 464
1 465
1 466
1 467
1 468
1 469
1 470
1 471
1 472
1 473
1 474
1 475
1 476
1 477
1 478
1 479
1 480
1 481
1 482
1 483
1 484
1 485
1 486
1 487
1 488
1 489
1 490
1 491
1 492
1 493
1 494
1 495
1 496
1 497
1 498
1 499
1 500
1 501
1 502
1 503
1 504
1 505
1 506
1 507
1 508
1 509
1 510
1 511
1 512
1 513
1 514
1 515
1 516
1 517
1 518
1 519
1 520
1 521
1 522
1 523
1 524
1 525
1 526
1 527
1 528
1 529
1 530
1 531
1 532
1 533
1 534
1 535
1 536
1 537
1 538
1 539
1 540
1 541
1 542
1 543
1 544
1 545
1 546
1 547
1 548
1 549
1 550
1 551
1 552
1 553
1 554
1 555
1 556
1 557
1 558
1 559
1 560
1 561
1 562
1 563
1 564
1 565
1 566
1 567
1 568
1 569
1 570
1 571
1 572
1 573
1 574
1 575
1 576
1 577
1 578
1 579
1 580
1 581
1 582
1 583
1 584
1 585
1 586
1 587
1 588
1 589
1 590
1 591
1 592
1 593
1 594
1 595
1 596
1 597
1 598
1 599
1 600
1 601
1 602
1 603
1 604
1 605
1 606
1 607
1 608
1 609
1 610
1 611
1 612
1 613
1 614
1 615
1 616
1 617
1 618
1 619
1 620
1 621
1 622
1 623
1 624
1 625
1 626
1 627
1 628
1 629
1 630
1 631
1 632
1 633
1 634
1 635
1 636
1 637
1 638
1 639
1 640
1 641
1 642
1 643
1 644
1 645
1 646
1 647
1 648
1 649
1 650
1 651
1 652
1 653
1 654
1 655
1 656
1 657
1 658
1 659
1 660
1 661
1 662
1 663
1 664
1 665
1 666
1 667
1 668
1 669
1 670
1 671
1 672
1 673
1 674
1 675
1 676
1 677
1 678
1 679
1 680
1 681
1 682
1 683
1 684
1 685
1 686
1 687
1 688
1 689
1 690
1 691
1 692
1 693
1 694
1 695
1 696
1 697
1 698
1 699
1 700
1 701
1 702
1 703
1 704
1 705
1 706
1 707
1 708
1 709
1 710
1 711
1 712
1 713
1 714
1 715
1 716
1 717
1 718
1 719
1 720
1 721
1 722
1 723
1 724
1 725
1 726
1 727
1 728
1 729
1 730
1 731
1 732
1 733
1 734
1 735
1 736
1 737
1 738
1 739
1 740
1 741
1 742
1 743
1 744
1 745
1 746
1 747
1 748
1 749
1 750
1 751
1 752
1 753
1 754
1 755
1 756
1 757
1 758
1 759
1 760
1 761
1 762
1 763
1 764
1 765
1 766
1 767
1 768
1 769
1 770
1 771
1 772
1 773
1 774
1 775
1 776
1 777
1 778
1 779
1 780
1 781
1 782
1 783
1 784
1 785
1 786
1 787
1 788
1 789
1 790
1 791
1 792
1 793
1 794
1 795
1 796
1 797
1 798
1 799
1 800
1 801
1 802
1 803
1 804
1 805
1 806
1 807
1 808
1 809
1 810
1 811
1 812
1 813
1 814
1 815
1 816
1 817
1 818
1 819
1 820
1 821
1 822
1 823
1 824
1 825
1 826
1 827
1 828
1 829
1 830
1 831
1 832
1 833
1 834
1 835
1 836
1 837
1 838
1 839
1 840
1 841
1 842
1 843
1 844
1 845
1 846
1 847
1 848
1 849
1 850
1 851
1 852
1 853
1 854
1 855
1 856
1 857
1 858
1 859
1 860
1 861
1 862
1 863
1 864
1 865
1 866
1 867
1 868
1 869
1 870
1 871
1 872
1 873
1 874
1 875
1 876
1 877
1 878
1 879
1 880
1 881
1 882
1 883
1 884
1 885
1 886
1 887
1 888
1 889
1 890
1 891
1 892
1 893
1 894
1 895
1 896
1 897
1 898
1 899
1 900
1 901
1 902
1 903
1 904
1 905
1 906
1 907
1 908
1 909
1 910
1 911
1 912
1 913
1 914
1 915
1 916
1 917
1 918
1 919
1 920
1 921
1 922
1 923
1 924
1 925
1 926
1 927
1 928
1 929
1 930
1 931
1 932
1 933
1 934
1 935
1 936
1 937
1 938
1 939
1 940
1 941
1 942
1 943
1 944
1 945
1 946
1 947
1 948
1 949
1 950
1 951
1 952
1 953
1 954
1 955
1 956
1 957
1 958
1 959
1 960
1 961
1 962
1 963
1 964
1 965
1 966
1 967
1 968
1 969
1 970
1 971
1 972
1 973
1 974
1 975
1 976
1 977
1 978
1 979
1 980
1 981
1 982
1 983
1 984
1 985
1 986
1 987
1 988
1 989
1 990
1 991
1 992
1 993
1 994
1 995
1 996
1 997
1 998
1 999
1 1000
1 1001
1 1002
1 1003
1 1004
1 1005
1 1006
1 1007
1 1008
1 1009
1 1010
1 1011
1 1012
1 1013
1 1014
1 1015
1 1016
1 1017
1 1018
1 1019
1 1020
1 1021
1 1022
1 1023
1 1024
1 1025
1 1026
1 1027
1 1028
1 1029
1 1030
1 1031
1 1032
1 1033
1 1034
1 1035
1 1036
1 1037
1 1038
1 1039
1 1040
1 1041
1 1042
1 1043
1 1044
1 1045
1 1046
1 1047
1 1048
1 1049
1 1050
1 1051
1 1052
1 1053
1 1054
1 1055
1 1056
1 1057
1 1058
1 1059
1 1060
1 1061
1 1062
1 1063
1 1064
1 1065
1 1066
1 1067
1 1068
1 1069
1 1070
1 1071
1 1072
1 1073
1 1074
1 1075
1 1076
1 1077
1 1078
1 1079
1 1080
1 1081
1 1082
1 1083
1 1084
1 1085
1 1086
1 1087
1 1088
1 1089
1 1090
1 1091
1 1092
1 1093
1 1094
1 1095
1 1096
1 1097
1 1098
1 1099
1 1100
1 1101
1 1102
1 1103
1 1104
1 1105
1 1106
1 1107
1 1108
1 1109
1 1110
1 1111
1 1112
1 1113
1 1114
1 1115
1 1116
1 1117
1 1118
1 1119
1 1120
1 1121
1 1122
1 1123
1 1124
1 1125
1 1126
1 1127
1 1128
1 1129
1 1130
1 1131
1 1132
1 1133
1 1134
1 1135
1 1136
1 1137
1 1138
1 1139
1 1140
1 1141
1 1142
1 1143
1 1144
1 1145
1 1146
1 1147
1 1148
1 1149
1 1150
1 1151
1 1152
1 1153
1 1154
1 1155
1 1156
1 1157
1 1158
1 1159
1 1160
1 1161
1 1162
1 1163
1 1164
1 1165
1 1166
1 1167
1 1168
1 1169
1 1170
1 1171
1 1172
1 1173
1 1174
1 1175
1 1176
1 1177
1 1178
1 1179
1 1180
1 1181
1 1182
1 1183
1 1184
1 1185
1 1186
1 1187
1 1188
1 1189
1 1190
1 1191
1 1192
1 1193
1 1194
1 1195
1 1196
1 1197
1 1198
1 1199
1 1200
1 1201
1 1202
1 1203
1 1204
1 1205
1 1206
1 1207
1 1208
1 1209
1 1210
1 1211
1 1212
1 1213
1 1214
1 1215
1 1216
1 1217
1 1218
1 1219
1 1220
1 1221
1 1222
1 1223
1 1224
1 1225
1 1226
1 1227
1 1228
1 1229
1 1230
1 1231
1 1232
1 1233
1 1234
1 1235
1 1236
1 1237
1 1238
1 1239
1 1240
1 1241
1 1242
1 1243
1 1244
1 1245
1 1246
1 1247
1 1248
1 1249
1 1250
1 1251
1 1252
1 1253
1 1254
1 1255
1 1256
1 1257
1 1258
1 1259
1 1260
1 1261
1 1262
1 1263
1 1264
1 1265
1 1266
1 1267
1 1268
1 1269
1 1270
1 1271
1 1272
1 1273
1 1274
1 1275
1 1276
1 1277
1 1278
1 1279
1 1280
1 1281
1 1282
1 1283
1 1284
1 1285
1 1286
1 1287
1 1288
1 1289
1 1290
1 1291
1 1292
1 1293
1 1294
1 1295
1 1296
1 1297
1 1298
1 1299
1 1300
1 1301
1 1302
1 1303
1 1304
1 1305
1 1306
1 1307
1 1308
1 1309
1 1310
1 1311
1 1312
1 1313
1 1314
1 1315
1 1316
1 1317
1 1318
1 1319
1 1320
1 1321
1 1322
1 1323
1 1324
1 1325
1 1326
1 1327
1 1328
1 1329
1 1330
1 1331
1 1332
1 1333
1 1334
1 1335
1 1336
1 1337
1 1338
1 1339
1 1340
1 1341
1 1342
1 1343
1 1344
1 1345
1 1346
1 1347
1 1348
1 1349
1 1350
1 1351
1 1352
1 1353
1 1354
1 1355
1 1356
1 1357
1 1358
1 1359
1 1360
1 1361
1 1362
1 1363
1 1364
1 1365
1 1366
1 1367
1 1368
1 1369
1 1370
1 1371
1 1372
1 1373
1 1374
1 1375
1 1376
1 1377
1 1378
1 1379
1 1380
1 1381
1 1382
1 1383
1 1384
1 1385
1 1386
1 1387
1 1388
1 1389
1 1390
1 1391
1 1392
1 1393
1 1394
1 1395
1 1396
1 1397
1 1398
1 1399
1 1400
1 1401
1 1402
1 1403
1 1404
1 1405
1 1406
1 1407
1 1408
1 1409
1 1410
1 1411
1 1412
1 1413
1 1414
1 1415
1 1416
1 1417
1 1418
1 1419
1 1420
1 1421
1 1422
1 1423
1 1424
1 1425
1 1426
1 1427
1 1428
1 1429
1 1430
1 1431
1 1432
1 1433
1 1434
1 1435
1 1436
1 1437
1 1438
1 1439
1 1440
1 1441
1 1442
1 1443
1 1444
1 1445
1 1446
1 1447
1 1448
1 1449
1 1450
1 1451
1 1452
1 1453
1 1454
1 1455
1 1456
1 1457
1 1458
1 1459
1 1460
1 1461
1 1462
1 1463
1 1464
1 1465
1 1466
1 1467
1 1468
1 1469
1 1470
1 1471
1 1472
1 1473
1 1474
1 1475
1 1476
1 1477
1 1478
1 1479
1 1480
1 1481
1 1482
1 1483
1 1484
1 1485
1 1486
1 1487
1 1488
1 1489
1 1490
1 1491
1 1492
1 1493
1 1494
1 1495
1 1496
1 1497
1 1498
1 1499
1 1500
1 1501
1 1502
1 1503
1 1504
1 1505
1 1506
1 1507
1 1508
1 1509
1 1510
1 1511
1 1512
1 1513
1 1514
1 1515
1 1516
1 1517
1 1518
1 1519
1 1520
1 1521
1 1522
1 1523
1 1524
1 1525
1 1526
1 1527
1 1528
1 1529
1 1530
1 1531
1 1532
1 1533
1 1534
1 1535
1 1536
1 1537
1 1538
1 1539
1 1540
1 1541
1 1542
1 1543
1 1544
1 1545
1 1546
1 1547
1 1548
1 1549
1 1550
1 1551
1 1552
1 1553
1 1554
1 1555
1 1556
1 1557
1 1558
1 1559
1 1560
1 1561
1 1562
1 1563
1 1564
1 1565
1 1566
1 1567
1 1568
1 1569
1 1570
1 1571
1 1572
1 1573
1 1574
1 1575
1 1576
1 1577
1 1578
1 1579
1 1580
1 1581
1 1582
1 1583
1 1584
1 1585
1 1586
1 1587
1 1588
1 1589
1 1590
1 1591
1 1592
1 1593
1 1594
1 1595
1 1596
1 1597
1 1598
1 1599
1 1600
1 1601
1 1602
1 1603
1 1604
1 1605
1 1606
1 1607
1 1608
1 1609
1 1610
1 1611
1 1612
1 1613
1 1614
1 1615
1 1616
1 1617
1 1618
1 1619
1 1620
1 1621
1 1622
1 1623
1 1624
1 1625
1 1626
1 1627
1 1628
1 1629
1 1630
1 1631
1 1632
1 1633
1 1634
1 1635
1 1636
1 1637
1 1638
1 1639
1 1640
1 1641
1 1642
1 1643
1 1644
1 1645
1 1646
1 1647
1 1648
1 1649
1 1650
1 1651
1 1652
1 1653
1 1654
1 1655
1 1656
1 1657
1 1658
1 1659
1 1660
1 1661
1 1662
1 1663
1 1664
1 1665
1 1666
1 1667
1 1668
1 1669
1 1670
1 1671
1 1672
1 1673
1 1674
1 1675
1 1676
1 1677
1 1678
1 1679
1 1680
1 1681
1 1682
1 1683
1 1684
1 1685
1 1686
1 1687
1 1688
1 1689
1 1690
1 1691
1 1692
1 1693
1 1694
1 1695
1 1696
1 1697
1 1698
1 1699
1 1700
1 1701
1 1702
1 1703
1 1704
1 1705
1 1706
1 1707
1 1708
1 1709
1 1710
1 1711
1 1712
1 1713
1 1714
1 1715
1 1716
1 1717
1 1718
1 1719
1 1720
1 1721
1 1722
1 1723
1 1724
1 1725
1 1726
1 1727
1 1728
1 1729
1 1730
1 1731
1 1732
1 1733
1 1734
1 1735
1 1736
1 1737
1 1738
1 1739
1 1740
1 1741
1 1742
1 1743
1 1744
1 1745
1 1746
1 1747
1 1748
1 1749
1 1750
1 1751
1 1752
1 1753
1 1754
1 1755
1 1756
1 1757
1 1758
1 1759
1 1760
1 1761
1 1762
1 1763
1 1764
1 1765
1 1766
1 1767
1 1768
1 1769
1 1770
1 1771
1 1772
1 1773
1 1774
1 1775
1 1776
1 1777
1 1778
1 1779
1 1780
1 1781
1 1782
1 1783
1 1784
1 1785
1 1786
1 1787
1 1788
1 1789
1 1790
1 1791
1 1792
1 1793
1 1794
1 1795
1 1796
1 1797
1 1798
1 1799
1 1800
1 1801
1 1802
1 1803
1 1804
1 1805
1 1806
1 1807
1 1808
1 1809
1 1810
1 1811
1 1812
1 1813
1 1814
1 1815
1 1816
1 1817
1 1818
1 1819
1 1820
1 1821
1 1822
1 1823
1 1824
1 1825
1 1826
1 1827
1 1828
1 1829
1 1830
1 1831
1 1832
1 1833
1 1834
1 1835
1 1836
1 1837
1 1838
1 1839
1 1840
1 1841
1 1842
1 1843
1 1844
1 1845
1 1846
1 1847
1 1848
1 1849
1 1850
1 1851
1 1852
1 1853
1 1854
1 1855
1 1856
1 1857
1 1858
1 1859
1 1860
1 1861
1 1862
1 1863
1 1864
1 1865
1 1866
1 1867
1 1868
1 1869
1 1870
1 1871
1 1872
1 1873
1 1874
1 1875
1 1876
1 1877
1 1878
1 1879
1 1880
1 1881
1 1882
1 1883
1 1884
1 1885
1 1886
1 1887
1 1888
1 1889
1 1890
1 1891
1 1892
1 1893
1 1894
1 1895
1 1896
1 1897
1 1898
1 1899
1 1900
1 1901
1 1902
1 1903
1 1904
1 1905
1 1906
1 1907
1 1908
1 1909
1 1910
1 1911
1 1912
1 1913
1 1914
1 1915
1 1916
1 1917
1 1918
1 1919
1 1920
1 1921
1 1922
1 1923
1 1924
1 1925
1 1926
1 1927
1 1928
1 1929
1 1930
1 1931
1 1932
1 1933
1 1934
1 1935
1 1936
1 1937
1 1938
1 1939
1 1940
1 1941
1 1942
1 1943
1 1944
1 1945
1 1946
1 1947
1 1948
1 1949
1 1950
1 1951
1 1952
1 1953
1 1954
1 1955
1 1956
1 1957
1 1958
1 1959
1 1960
1 1961
1 1962
1 1963
1 1964
1 1965
1 1966
1 1967
1 1968
1 1969
1 1970
1 1971
1 1972
1 1973
1 1974
1 1975
1 1976
1 1977
1 1978
1 1979
1 1980
1 1981
1 1982
1 1983
1 1984
1 1985
1 1986
1 1987
1 1988
1 1989
1 1990
1 1991
1 1992
1 1993
1 1994
1 1995
1 1996
1 1997
1 1998
1 1999
1 2000
1 2001
1 2002
1 2003
1 2004
1 2005
1 2006
1 2007
1 2008
1 2009
1 2010
1 2011
1 2012
1 2013
1 2014
1 2015
1 2016
1 2017
1 2018
1 2019
1 2020
1 2021
1 2022
1 2023
1 2024
1 2025
1 2026
1 2027
1 2028
1 2029
1 2030
1 2031
1 2032
1 2033
1 2034
1 2035
1 2036
1 2037
1 2038
1 2039
1 2040
1 2041
1 2042
1 2043
1 2044
1 2045
1 2046
1 2047
1 2048
1 2049
1 2050
1 2051
1 2052
1 2053
2 3
2 4
2 5
2 6
2 7
2 8
2 9
2 10
2 11
2 12
2 13
2 14
2 15
2 16
2 17
2 18
2 19
2 20
2 21
2 22
2 23
2 24
2 25
2 26
2 27
2 28
2 29
2 30
2 31
2 32
2 33
2 34
2 35
2 36
2 37
2 38
2 39
2 40
2 41
2 42
2 43
2 44
2 45
2 46
2 47
2 48
2 49
2 50
2 51
2 52
2 53
2 54
2 55
2 56
2 57
2 58
2 59
2 60
2 61
2 62
2 63
2 64
2 65
2 66
2 67
2 68
2 69
2 70
2 71
2 72
2 73
2 74
2 75
2 76
2 77
2 78
2 79
2 80
2 81
2 82
2 83
2 84
2 85
2 86
2 87
2 88
2 89
2 90
2 91
2 92
2 93
2 94
2 95
2 96
2 97
2 98
2 99
2 100
2 101
2 102
2 103
2 104
2 105
2 106
2 107
2 108
2 109
2 110
2 111
2 112
2 113
2 114
2 115
2 116
2 117
2 118
2 119
2 120
2 121
2 122
2 123
2 124
2 125
2 126
2 127
2 128
2 129
2 130
2 131
2 132
2 133
2 134
2 135
2 136
2 137
2 138
2 139
2 140
2 141
2 142
2 143
2 144
2 145
2 146
2 147
2 148
2 149
2 150
2 151
2 152
2 153
2 154
2 155
2 156
2 157
2 158
2 159
2 160
2 161
2 162
2 163
2 164
2 165
2 166
2 167
2 168
2 169
2 170
2 171
2 172
2 173
2 174
2 175
2 176
2 177
2 178
2 179
2 180
2 181
2 182
2 183
2 184
2 185
2 186
2 187
2 188
2 189
2 190
2 191
2 192
2 193
2 194
2 195
2 196
2 197
2 198
2 199
2 200
2 201
2 202
2 203
2 204
2 205
2 206
2 207
2 208
2 209
2 210
2 211
2 212
2 213
2 214
2 215
2 216
2 217
2 218
2 219
2 220
2 221
2 222
2 223
2 224
2 225
2 226
2 227
2 228
2 229
2 230
2 231
2 232
2 233
2 234
2 235
2 236
2 237
2 238
2 239
2 240
2 241
2 242
2 243
2 244
2 245
2 246
2 247
2 248
2 249
2 250
2 251
2 252
2 253
2 254
2 255
2 256
2 257
2 258
2 259
2 260
2 261
2 262
2 263
2 264
2 265
2 266
2 267
2 268
2 269
2 270
2 271
2 272
2 273
2 274
2 275
2 276
2 277
2 278
2 279
2 280
2 281
2 282
2 283
2 284
2 285
2 286
2 287
2 288
2 289
2 290
2 291
2 292
2 293
2 294
2 295
2 296
2 297
2 298
2 299
2 300
2 301
2 302
2 303
2 304
2 305
2 306
2 307
2 308
2 309
2 310
2 311
2 312
2 313
2 314
2 315
2 316
2 317
2 318
2 319
2 320
2 321
2 322
2 323
2 324
2 325
2 326
2 327
2 328
2 329
2 330
2 331
2 332
2 333
2 334
2 335
2 336
2 337
2 338
2 339
2 340
2 341
2 342
2 343
2 344
2 345
2 346
2 347
2 348
2 349
2 350
2 351
2 352
2 353
2 354
2 355
2 356
2 357
2 358
2 359
2 360
2 361
2 362
2 363
2 364
2 365
2 366
2 367
2 368
2 369
2 370
2 371
2 372
2 373
2 374
2 375
2 376
2 377
2 378
2 379
2 380
2 381
2 382
2 383
2 384
2 385
2 386
2 387
2 388
2 389
2 390
2 391
2 392
2 393
2 394
2 395
2 396
2 397
2 398
2 399
2 400
2 401
2 402
2 403
2 404
2 405
2 406
2 407
2 408
2 409
2 410
2 411
2 412
2 413
2 414
2 415
2 416
2 417
2 418
2 419
2 420
2 421
2 422
2 423
2 424
2 425
2 426
2 427
2 428
2 429
2 430
2 431
2 432
2 433
2 434
2 435
2 436
2 437
2 438
2 439
2 440
2 441
2 442
2 443
2 444
2 445
2 446
2 447
2 448
2 449
2 450
2 451
2 452
2 453
2 454
2 455
2 456
2 457
2 458
2 459
2 460
2 461
2 462
2 463
2 464
2 465
2 466
2 467
2 468
2 469
2 470
2 471
2 472
2 473
2 474
2 475
2 476
2 477
2 478
2 479
2 480
2 481
2 482
2 483
2 484
2 485
2 486
2 487
2 488
2 489
2 490
2 491
2 492
2 493
2 494
2 495
2 496
2 497
2 498
2 499
2 500
2 501
2 502
2 503
2 504
2 505
2 506
2 507
2 508
2 509
2 510
2 511
2 512
2 513
2 514
2 515
2 516
2 517
2 518
2 519
2 520
2 521
2 522
2 523
2 524
2 525
2 526
2 527
2 528
2 529
2 530
2 531
2 532
2 533
2 534
2 535
2 536
2 537
2 538
2 539
2 540
2 541
2 542
2 543
2 544
2 545
2 546
2 547
2 548
2 549
2 550
2 551
2 552
2 553
2 554
2 555
2 556
2 557
2 558
2 559
2 560
2 561
2 562
2 563
2 564
2 565
2 566
2 567
2 568
2 569
2 570
2 571
2 572
2 573
2 574
2 575
2 576
2 577
2 578
2 579
2 580
2 581
2 582
2 583
2 584
2 585
2 586
2 587
2 588
2 589
2 590
2 591
2 592
2 593
2 594
2 595
2 596
2 597
2 598
2 599
2 600
2 601
2 602
2 603
2 604
2 605
2 606
2 607
2 608
2 609
2 610
2 611
2 612
2 613
2 614
2 615
2 616
2 617
2 618
2 619
2 620
2 621
2 622
2 623
2 624
2 625
2 626
2 627
2 628
2 629
2 630
2 631
2 632
2 633
2 634
2 635
2 636
2 637
2 638
2 639
2 640
2 641
2 642
2 643
2 644
2 645
2 646
2 647
2 648
2 649
2 650
2 651
2 652
2 653
2 654
2 655
2 656
2 657
2 658
2 659
2 660
2 661
2 662
2 663
2 664
2 665
2 666
2 667
2 668
2 669
2 670
2 671
2 672
2 673
2 674
2 675
2 676
2 677
2 678
2 679
2 680
2 681
2 682
2 683
2 684
2 685
2 686
2 687
2 688
2 689
2 690
2 691
2 692
2 693
2 694
2 695
2 696
2 697
2 698
2 699
2 700
2 701
2 702
2 703
2 704
2 705
2 706
2 707
2 708
2 709
2 710
2 711
2 712
2 713
2 714
2 715
2 716
2 717
2 718
2 719
2 720
2 721
2 722
2 723
2 724
2 725
2 726
2 727
2 728
2 729
2 730
2 731
2 732
2 733
2 734
2 735
2 736
2 737
2 738
2 739
2 740
2 741
2 742
2 743
2 744
2 745
2 746
2 747
2 748
2 749
2 750
2 751
2 752
2 753
2 754
2 755
2 756
2 757
2 758
2 759
2 760
2 761
2 762
2 763
2 764
2 765
2 766
2 767
2 768
2 769
2 770
2 771
2 772
2 773
2 774
2 775
2 776
2 777
2 778
2 779
2 780
2 781
2 782
2 783
2 784
2 785
2 786
2 787
2 788
2 789
2 790
2 791
2 792
2 793
2 794
2 795
2 796
2 797
2 798
2 799
2 800
2 801
2 802
2 803
2 804
2 805
2 806
2 807
2 808
2 809
2 810
2 811
2 812
2 813
2 814
2 815
2 816
2 817
2 818
2 819
2 820
2 821
2 822
2 823
2 824
2 825
2 826
2 827
2 828
2 829
2 830
2 831
2 832
2 833
2 834
2 835
2 836
2 837
2 838
2 839
2 840
2 841
2 842
2 843
2 844
2 845
2 846
2 847
2 848
2 849
2 850
2 851
2 852
2 853
2 854
2 855
2 856
2 857
2 858
2 859
2 860
2 861
2 862
2 863
2 864
2 865
2 866
2 867
2 868
2 869
2 870
2 871
2 872
2 873
2 874
2 875
2 876
2 877
2 878
2 879
2 880
2 881
2 882
2 883
2 884
2 885
2 886
2 887
2 888
2 889
2 890
2 891
2 892
2 893
2 894
2 895
2 896
2 897
2 898
2 899
2 900
2 901
2 902
2 903
2 904
2 905
2 906
2 907
2 908
2 909
2 910
2 911
2 912
2 913
2 914
2 915
2 916
2 917
2 918
2 919
2 920
2 921
2 922
2 923
2 924
2 925
2 926
2 927
2 928
2 929
2 930
2 931
2 932
2 933
2 934
2 935
2 936
2 937
2 938
2 939
2 940
2 941
2 942
2 943
2 944
2 945
2 946
2 947
2 948
2 949
2 950
2 951
2 952
2 953
2 954
2 955
2 956
2 957
2 958
2 959
2 960
2 961
2 962
2 963
2 964
2 965
2 966
2 967
2 968
2 969
2 970
2 971
2 972
2 973
2 974
2 975
2 976
2 977
2 978
2 979
2 980
2 981
2 982
2 983
2 984
2 985
2 986
2 987
2 988
2 989
2 990
2 991
2 992
2 993
2 994
2 995
2 996
2 997
2 998
2 999
2 1000
2 1001
2 1002
2 1003
2 1004
2 1005
2 1006
2 1007
2 1008
2 1009
2 1010
2 1011
2 1012
2 1013
2 1014
2 1015
2 1016
2 1017
2 1018
2 1019
2 1020
2 1021
2 1022
2 1023
2 1024
2 1025
2 1026
2 1027
2 1028
2 1029
2 1030
2 1031
2 1032
2 1033
2 1034
2 1035
2 1036
2 1037
2 1038
2 1039
2 1040
2 1041
2 1042
2 1043
2 1044
2 1045
2 1046
2 1047
2 1048
2 1049
2 1050
2 1051
2 1052
2 1053
2 1054
2 1055
2 1056
2 1057
2 1058
2 1059
2 1060
2 1061
2 1062
2 1063
2 1064
2 1065
2 1066
2 1067
2 1068
2 1069
2 1070
2 1071
2 1072
2 1073
2 1074
2 1075
2 1076
2 1077
2 1078
2 1079
2 1080
2 1081
2 1082
2 1083
2 1084
2 1085
2 1086
2 1087
2 1088
2 1089
2 1090
2 1091
2 1092
2 1093
2 1094
2 1095
2 1096
2 1097
2 1098
2 1099
2 1100
2 1101
2 1102
2 1103
2 1104
2 1105
2 1106
2 1107
2 1108
2 1109
2 1110
2 1111
2 1112
2 1113
2 1114
2 1115
2 1116
2 1117
2 1118
2 1119
2 1120
2 1121
2 1122
2 1123
2 1124
2 1125
2 1126
2 1127
2 1128
2 1129
2 1130
2 1131
2 1132
2 1133
2 1134
2 1135
2 1136
2 1137
2 1138
2 1139
2 1140
2 1141
2 1142
2 1143
2 1144
2 1145
2 1146
2 1147
2 1148
2 1149
2 1150
2 1151
2 1152
2 1153
2 1154
2 1155
2 1156
2 1157
2 1158
2 1159
2 1160
2 1161
2 1162
2 1163
2 1164
2 1165
2 1166
2 1167
2 1168
2 1169
2 1170
2 1171
2 1172
2 1173
2 1174
2 1175
2 1176
2 1177
2 1178
2 1179
2 1180
2 1181
2 1182
2 1183
2 1184
2 1185
2 1186
2 1187
2 1188
2 1189
2 1190
2 1191
2 1192
2 1193
2 1194
2 1195
2 1196
2 1197
2 1198
2 1199
2 1200
2 1201
2 1202
2 1203
2 1204
2 1205
2 1206
2 1207
2 1208
2 1209
2 1210
2 1211
2 1212
2 1213
2 1214
2 1215
2 1216
2 1217
2 1218
2 1219
2 1220
2 1221
2 1222
2 1223
2 1224
2 1225
2 1226
2 1227
2 1228
2 1229
2 1230
2 1231
2 1232
2 1233
2 1234
2 1235
2 1236
2 1237
2 1238
2 1239
2 1240
2 1241
2 1242
2 1243
2 1244
2 1245
2 1246
2 1247
2 1248
2 1249
2 1250
2 1251
2 1252
2 1253
2 1254
2 1255
2 1256
2 1257
2 1258
2 1259
2 1260
2 1261
2 1262
2 1263
2 1264
2 1265
2 1266
2 1267
2 1268
2 1269
2 1270
2 1271
2 1272
2 1273
2 1274
2 1275
2 1276
2 1277
2 1278
2 1279
2 1280
2 1281
2 1282
2 1283
2 1284
2 1285
2 1286
2 1287
2 1288
2 1289
2 1290
2 1291
2 1292
2 1293
2 1294
2 1295
2 1296
2 1297
2 1298
2 1299
2 1300
2 1301
2 1302
2 1303
2 1304
2 1305
2 1306
2 1307
2 1308
2 1309
2 1310
2 1311
2 1312
2 1313
2 1314
2 1315
2 1316
2 1317
2 1318
2 1319
2 1320
2 1321
2 1322
2 1323
2 1324
2 1325
2 1326
2 1327
2 1328
2 1329
2 1330
2 1331
2 1332
2 1333
2 1334
2 1335
2 1336
2 1337
2 1338
2 1339
2 1340
2 1341
2 1342
2 1343
2 1344
2 1345
2 1346
2 1347
2 1348
2 1349
2 1350
2 1351
2 1352
2 1353
2 1354
2 1355
2 1356
2 1357
2 1358
2 1359
2 1360
2 1361
2 1362
2 1363
2 1364
2 1365
2 1366
2 1367
2 1368
2 1369
2 1370
2 1371
2 1372
2 1373
2 1374
2 1375
2 1376
2 1377
2 1378
2 1379
2 1380
2 1381
2 1382
2 1383
2 1384
2 1385
2 1386
2 1387
2 1388
2 1389
2 1390
2 1391
2 1392
2 1393
2 1394
2 1395
2 1396
2 1397
2 1398
2 1399
2 1400
2 1401
2 1402
2 1403
2 1404
2 1405
2 1406
2 1407
2 1408
2 1409
2 1410
2 1411
2 1412
2 1413
2 1414
2 1415
2 1416
2 1417
2 1418
2 1419
2 1420
2 1421
2 1422
2 1423
2 1424
2 1425
2 1426
2 1427
2 1428
2 1429
2 1430
2 1431
2 1432
2 1433
2 1434
2 1435
2 1436
2 1437
2 1438
2 1439
2 1440
2 1441
2 1442
2 1443
2 1444
2 1445
2 1446
2 1447
2 1448
2 1449
2 1450
2 1451
2 1452
2 1453
2 1454
2 1455
2 1456
2 1457
2 1458
2 1459
2 1460
2 1461
2 1462
2 1463
2 1464
2 1465
2 1466
2 1467
2 1468
2 1469
2 1470
2 1471
2 1472
2 1473
2 1474
2 1475
2 1476
2 1477
2 1478
2 1479
2 1480
2 1481
2 1482
2 1483
2 1484
2 1485
2 1486
2 1487
2 1488
2 1489
2 1490
2 1491
2 1492
2 1493
2 1494
2 1495
2 1496
2 1497
2 1498
2 1499
2 1500
2 1501
2 1502
2 1503
2 1504
2 1505
2 1506
2 1507
2 1508
2 1509
2 1510
2 1511
2 1512
2 1513
2 1514
2 1515
2 1516
2 1517
2 1518
2 1519
2 1520
2 1521
2 1522
2 1523
2 1524
2 1525
2 1526
2 1527
2 1528
2 1529
2 1530
2 1531
2 1532
2 1533
2 1534
2 1535
2 1536
2 1537
2 1538
2 1539
2 1540
2 1541
2 1542
2 1543
2 1544
2 1545
2 1546
2 1547
2 1548
2 1549
2 1550
2 1551
2 1552
2 1553
2 1554
2 1555
2 1556
2 1557
2 1558
2 1559
2 1560
2 1561
2 1562
2 1563
2 1564
2 1565
2 1566
2 1567
2 1568
2 1569
2 1570
2 1571
2 1572
2 1573
2 1574
2 1575
2 1576
2 1577
2 1578
2 1579
2 1580
2 1581
2 1582
2 1583
2 1584
2 1585
2 1586
2 1587
2 1588
2 1589
2 1590
2 1591
2 1592
2 1593
2 1594
2 1595
2 1596
2 1597
2 1598
2 1599
2 1600
2 1601
2 1602
2 1603
2 1604
2 1605
2 1606
2 1607
2 1608
2 1609
2 1610
2 1611
2 1612
2 1613
2 1614
2 1615
2 1616
2 1617
2 1618
2 1619
2 1620
2 1621
2 1622
2 1623
2 1624
2 1625
2 1626
2 1627
2 1628
2 1629
2 1630
2 1631
2 1632
2 1633
2 1634
2 1635
2 1636
2 1637
2 1638
2 1639
2 1640
2 1641
2 1642
2 1643
2 1644
2 1645
2 1646
2 1647
2 1648
2 1649
2 1650
2 1651
2 1652
2 1653
2 1654
2 1655
2 1656
2 1657
2 1658
2 1659
2 1660
2 1661
2 1662
2 1663
2 1664
2 1665
2 1666
2 1667
2 1668
2 1669
2 1670
2 1671
2 1672
2 1673
2 1674
2 1675
2 1676
2 1677
2 1678
2 1679
2 1680
2 1681
2 1682
2 1683
2 1684
2 1685
2 1686
2 1687
2 1688
2 1689
2 1690
2 1691
2 1692
2 1693
2 1694
2 1695
2 1696
2 1697
2 1698
2 1699
2 1700
2 1701
2 1702
2 1703
2 1704
2 1705
2 1706
2 1707
2 1708
2 1709
2 1710
2 1711
2 1712
2 1713
2 1714
2 1715
2 1716
2 1717
2 1718
2 1719
2 1720
2 1721
2 1722
2 1723
2 1724
2 1725
2 1726
2 1727
2 1728
2 1729
2 1730
2 1731
2 1732
2 1733
2 1734
2 1735
2 1736
2 1737
2 1738
2 1739
2 1740
2 1741
2 1742
2 1743
2 1744
2 1745
2 1746
2 1747
2 1748
2 1749
2 1750
2 1751
2 1752
2 1753
2 1754
2 1755
2 1756
2 1757
2 1758
2 1759
2 1760
2 1761
2 1762
2 1763
2 1764
2 1765
2 1766
2 1767
2 1768
2 1769
2 1770
2 1771
2 1772
2 1773
2 1774
2 1775
2 1776
2 1777
2 1778
2 1779
2 1780
2 1781
2 1782
2 1783
2 1784
2 1785
2 1786
2 1787
2 1788
2 1789
2 1790
2 1791
2 1792
2 1793
2 1794
2 1795
2 1796
2 1797
2 1798
2 1799
2 1800
2 1801
2 1802
2 1803
2 1804
2 1805
2 1806
2 1807
2 1808
2 1809
2 1810
2 1811
2 1812
2 1813
2 1814
2 1815
2 1816
2 1817
2 1818
2 1819
2 1820
2 1821
2 1822
2 1823
2 1824
2 1825
2 1826
2 1827
2 1828
2 1829
2 1830
2 1831
2 1832
2 1833
2 1834
2 1835
2 1836
2 1837
2 1838
2 1839
2 1840
2 1841
2 1842
2 1843
2 1844
2 1845
2 1846
2 1847
2 1848
2 1849
2 1850
2 1851
2 1852
2 1853
2 1854
2 1855
2 1856
2 1857
2 1858
2 1859
2 1860
2 1861
2 1862
2 1863
2 1864
2 1865
2 1866
2 1867
2 1868
2 1869
2 1870
2 1871
2 1872
2 1873
2 1874
2 1875
2 1876
2 1877
2 1878
2 1879
2 1880
2 1881
2 1882
2 1883
2 1884
2 1885
2 1886
2 1887
2 1888
2 1889
2 1890
2 1891
2 1892
2 1893
2 1894
2 1895
2 1896
2 1897
2 1898
2 1899
2 1900
2 1901
2 1902
2 1903
2 1904
2 1905
2 1906
2 1907
2 1908
2 1909
2 1910
2 1911
2 1912
2 1913
2 1914
2 1915
2 1916
2 1917
2 1918
2 1919
2 1920
2 1921
2 1922
2 1923
2 1924
2 1925
2 1926
2 1927
2 1928
2 1929
2 1930
2 1931
2 1932
2 1933
2 1934
2 1935
2 1936
2 1937
2 1938
2 1939
2 1940
2 1941
2 1942
2 1943
2 1944
2 1945
2 1946
2 1947
2 1948
2 1949
2 1950
2 1951
2 1952
2 1953
2 1954
2 1955
2 1956
2 1957
2 1958
2 1959
2 1960
2 1961
2 1962
2 1963
2 1964
2 1965
2 1966
2 1967
2 1968
2 1969
2 1970
2 1971
2 1972
2 1973
2 1974
2 1975
2 1976
2 1977
2 1978
2 1979
2 1980
2 1981
2 1982
2 1983
2 1984
2 1985
2 1986
2 1987
2 1988
2 1989
2 1990
2 1991
2 1992
2 1993
2 1994
2 1995
2 1996
2 1997
2 1998
2 1999
2 2000
2 2001
2 2002
2 2003
2 2004
2 2005
2 2006
2 2007
2 2008
2 2009
2 2010
2 2011
2 2012
2 2013
2 2014
2 2015
2 2016
2 2017
2 2018
2 2019
2 2020
2 2021
2 2022
2 2023
2 2024
2 2025
2 2026
2 2027
2 2028
2 2029
2 2030
2 2031
2 2032
2 2033
2 2034
2 2035
2 2036
2 2037
2 2038
2 2039
2 2040
2 2041
2 2042
2 2043
2 2044
2 2045
2 2046
2 2047
2 2048
2 2049
2 2050
2 2051
2 2052
2 2053
3 4
3 5
3 6
3 7
3 8
3 9
3 10
3 11
3 12
3 13
3 14
3 15
3 16
3 17
3 18
3 19
3 20
3 21
3 22
3 23
3 24
3 25
3 26
3 27
3 28
3 29
3 30
3 31
3 32
3 33
3 34
3 35
3 36
3 37
3 38
3 39
3 40
3 41
3 42
3 43
3 44
3 45
3 46
3 47
3 48
3 49
3 50
3 51
3 52
3 53
3 54
3 55
3 56
3 57
3 58
3 59
3 60
3 61
3 62
3 63
3 64
3 65
3 66
3 67
3 68
3 69
3 70
3 71
3 72
3 73
3 74
3 75
3 76
3 77
3 78
3 79
3 80
3 81
3 82
3 83
3 84
3 85
3 86
3 87
3 88
3 89
3 90
3 91
3 92
3 93
3 94
3 95
3 96
3 97
3 98
3 99
3 100
3 101
3 102
3 103
3 104
3 105
3 106
3 107
3 108
3 109
3 110
3 111
3 112
3 113
3 114
3 115
3 116
3 117
3 118
3 119
3 120
3 121
3 122
3 123
3 124
3 125
3 126
3 127
3 128
3 129
3 130
3 131
3 132
3 133
3 134
3 135
3 136
3 137
3 138
3 139
3 140
3 141
3 142
3 143
3 144
3 145
3 146
3 147
3 148
3 149
3 150
3 151
3 152
3 153
3 154
3 155
3 156
3 157
3 158
3 159
3 160
3 161
3 162
3 163
3 164
3 165
3 166
3 167
3 168
3 169
3 170
3 171
3 172
3 173
3 174
3 175
3 176
3 177
3 178
3 179
3 180
3 181
3 182
3 183
3 184
3 185
3 186
3 187
3 188
3 189
3 190
3 191
3 192
3 193
3 194
3 195
3 196
3 197
3 198
3 199
3 200
3 201
3 202
3 203
3 204
3 205
3 206
3 207
3 208
3 209
3 210
3 211
3 212
3 213
3 214
3 215
3 216
3 217
3 218
3 219
3 220
3 221
3 222
3 223
3 224
3 225
3 226
3 227
3 228
3 229
3 230
3 231
3 232
3 233
3 234
3 235
3 236
3 237
3 238
3 239
3 240
3 241
3 242
3 243
3 244
3 245
3 246
3 247
3 248
3 249
3 250
3 251
3 252
3 253
3 254
3 255
3 256
3 257
3 258
3 259
3 260
3 261
3 262
3 263
3 264
3 265
3 266
3 267
3 268
3 269
3 270
3 271
3 272
3 273
3 274
3 275
3 276
3 277
3 278
3 279
3 280
3 281
3 282
3 283
3 284
3 285
3 286
3 287
3 288
3 289
3 290
3 291
3 292
3 293
3 294
3 295
3 296
3 297
3 298
3 299
3 300
3 301
3 302
3 303
3 304
3 305
3 306
3 307
3 308
3 309
3 310
3 311
3 312
3 313
3 314
3 315
3 316
3 317
3 318
3 319
3 320
3 321
3 322
3 323
3 324
3 325
3 326
3 327
3 328
3 329
3 330
3 331
3 332
3 333
3 334
3 335
3 336
3 337
3 338
3 339
3 340
3 341
3 342
3 343
3 344
3 345
3 346
3 347
3 348
3 349
3 350
3 351
3 352
3 353
3 354
3 355
3 356
3 357
3 358
3 359
3 360
3 361
3 362
3 363
3 364
3 365
3 366
3 367
3 368
3 369
3 370
3 371
3 372
3 373
3 374
3 375
3 376
3 377
3 378
3 379
3 380
3 381
3 382
3 383
3 384
3 385
3 386
3 387
3 388
3 389
3 390
3 391
3 392
3 393
3 394
3 395
3 396
3 397
3 398
3 399
3 400
3 401
3 402
3 403
3 404
3 405
3 406
3 407
3 408
3 409
3 410
3 411
3 412
3 413
3 414
3 415
3 416
3 417
3 418
3 419
3 420
3 421
3 422
3 423
3 424
3 425
3 426
3 427
3 428
3 429
3 430
3 431
3 432
3 433
3 434
3 435
3 436
3 437
3 438
3 439
3 440
3 441
3 442
3 443
3 444
3 445
3 446
3 447
3 448
3 449
3 450
3 451
3 452
3 453
3 454
3 455
3 456
3 457
3 458
3 459
3 460
3 461
3 462
3 463
3 464
3 465
3 466
3 467
3 468
3 469
3 470
3 471
3 472
3 473
3 474
3 475
3 476
3 477
3 478
3 479
3 480
3 481
3 482
3 483
3 484
3 485
3 486
3 487
3 488
3 489
3 490
3 491
3 492
3 493
3 494
3 495
3 496
3 497
3 498
3 499
3 500
3 501
3 502
3 503
3 504
3 505
3 506
3 507
3 508
3 509
3 510
3 511
3 512
3 513
3 514
3 515
3 516
3 517
3 518
3 519
3 520
3 521
3 522
3 523
3 524
3 525
3 526
3 527
3 528
3 529
3 530
3 531
3 532
3 533
3 534
3 535
3 536
3 537
3 538
3 539
3 540
3 541
3 542
3 543
3 544
3 545
3 546
3 547
3 548
3 549
3 550
3 551
3 552
3 553
3 554
3 555
3 556
3 557
3 558
3 559
3 560
3 561
3 562
3 563
3 564
3 565
3 566
3 567
3 568
3 569
3 570
3 571
3 572
3 573
3 574
3 575
3 576
3 577
3 578
3 579
3 580
3 581
3 582
3 583
3 584
3 585
3 586
3 587
3 588
3 589
3 590
3 591
3 592
3 593
3 594
3 595
3 596
3 597
3 598
3 599
3 600
3 601
3 602
3 603
3 604
3 605
3 606
3 607
3 608
3 609
3 610
3 611
3 612
3 613
3 614
3 615
3 616
3 617
3 618
3 619
3 620
3 621
3 622
3 623
3 624
3 625
3 626
3 627
3 628
3 629
3 630
3 631
3 632
3 633
3 634
3 635
3 636
3 637
3 638
3 639
3 640
3 641
3 642
3 643
3 644
3 645
3 646
3 647
3 648
3 649
3 650
3 651
3 652
3 653
3 654
3 655
3 656
3 657
3 658
3 659
3 660
3 661
3 662
3 663
3 664
3 665
3 666
3 667
3 668
3 669
3 670
3 671
3 672
3 673
3 674
3 675
3 676
3 677
3 678
3 679
3 680
3 681
3 682
3 683
3 684
3 685
3 686
3 687
3 688
3 689
3 690
3 691
3 692
3 693
3 694
3 695
3 696
3 697
3 698
3 699
3 700
3 701
3 702
3 703
3 704
3 705
3 706
3 707
3 708
3 709
3 710
3 711
3 712
3 713
3 714
3 715
3 716
3 717
3 718
3 719
3 720
3 721
3 722
3 723
3 724
3 725
3 726
3 727
3 728
3 729
3 730
3 731
3 732
3 733
3 734
3 735
3 736
3 737
3 738
3 739
3 740
3 741
3 742
3 743
3 744
3 745
3 746
3 747
3 748
3 749
3 750
3 751
3 752
3 753
3 754
3 755
3 756
3 757
3 758
3 759
3 760
3 761
3 762
3 763
3 764
3 765
3 766
3 767
3 768
3 769
3 770
3 771
3 772
3 773
3 774
3 775
3 776
3 777
3 778
3 779
3 780
3 781
3 782
3 783
3 784
3 785
3 786
3 787
3 788
3 789
3 790
3 791
3 792
3 793
3 794
3 795
3 796
3 797
3 798
3 799
3 800
3 801
3 802
3 803
3 804
3 805
3 806
3 807
3 808
3 809
3 810
3 811
3 812
3 813
3 814
3 815
3 816
3 817
3 818
3 819
3 820
3 821
3 822
3 823
3 824
3 825
3 826
3 827
3 828
3 829
3 830
3 831
3 832
3 833
3 834
3 835
3 836
3 837
3 838
3 839
3 840
3 841
3 842
3 843
3 844
3 845
3 846
3 847
3 848
3 849
3 850
3 851
3 852
3 853
3 854
3 855
3 856
3 857
3 858
3 859
3 860
3 861
3 862
3 863
3 864
3 865
3 866
3 867
3 868
3 869
3 870
3 871
3 872
3 873
3 874
3 875
3 876
3 877
3 878
3 879
3 880
3 881
3 882
3 883
3 884
3 885
3 886
3 887
3 888
3 889
3 890
3 891
3 892
3 893
3 894
3 895
3 896
3 897
3 898
3 899
3 900
3 901
3 902
3 903
3 904
3 905
3 906
3 907
3 908
3 909
3 910
3 911
3 912
3 913
3 914
3 915
3 916
3 917
3 918
3 919
3 920
3 921
3 922
3 923
3 924
3 925
3 926
3 927
3 928
3 929
3 930
3 931
3 932
3 933
3 934
3 935
3 936
3 937
3 938
3 939
3 940
3 941
3 942
3 943
3 944
3 945
3 946
3 947
3 948
3 949
3 950
3 951
3 952
3 953
3 954
3 955
3 956
3 957
3 958
3 959
3 960
3 961
3 962
3 963
3 964
3 965
3 966
3 967
3 968
3 969
3 970
3 971
3 972
3 973
3 974
3 975
3 976
3 977
3 978
3 979
3 980
3 981
3 982
3 983
3 984
3 985
3 986
3 987
3 988
3 989
3 990
3 991
3 992
3 993
3 994
3 995
3 996
3 997
3 998
3 999
3 1000
3 1001
3 1002
3 1003
3 1004
3 1005
3 1006
3 1007
3 1008
3 1009
3 1010
3 1011
3 1012
3 1013
3 1014
3 1015
3 1016
3 1017
3 1018
3 1019
3 1020
3 1021
3 1022
3 1023
3 1024
3 1025
3 1026
3 1027
3 1028
3 1029
3 1030
3 1031
3 1032
3 1033
3 1034
3 1035
3 1036
3 1037
3 1038
3 1039
3 1040
3 1041
3 1042
3 1043
3 1044
3 1045
3 1046
3 1047
3 1048
3 1049
3 1050
3 1051
3 1052
3 1053
3 1054
3 1055
3 1056
3 1057
3 1058
3 1059
3 1060
3 1061
3 1062
3 1063
3 1064
3 1065
3 1066
3 1067
3 1068
3 1069
3 1070
3 1071
3 1072
3 1073
3 1074
3 1075
3 1076
3 1077
3 1078
3 1079
3 1080
3 1081
3 1082
3 1083
3 1084
3 1085
3 1086
3 1087
3 1088
3 1089
3 1090
3 1091
3 1092
3 1093
3 1094
3 1095
3 1096
3 1097
3 1098
3 1099
3 1100
3 1101
3 1102
3 1103
3 1104
3 1105
3 1106
3 1107
3 1108
3 1109
3 1110
3 1111
3 1112
3 1113
3 1114
3 1115
3 1116
3 1117
3 1118
3 1119
3 1120
3 1121
3 1122
3 1123
3 1124
3 1125
3 1126
3 1127
3 1128
3 1129
3 1130
3 1131
3 1132
3 1133
3 1134
3 1135
3 1136
3 1137
3 1138
3 1139
3 1140
3 1141
3 1142
3 1143
3 1144
3 1145
3 1146
3 1147
3 1148
3 1149
3 1150
3 1151
3 1152
3 1153
3 1154
3 1155
3 1156
3 1157
3 1158
3 1159
3 1160
3 1161
3 1162
3 1163
3 1164
3 1165
3 1166
3 1167
3 1168
3 1169
3 1170
3 1171
3 1172
3 1173
3 1174
3 1175
3 1176
3 1177
3 1178
3 1179
3 1180
3 1181
3 1182
3 1183
3 1184
3 1185
3 1186
3 1187
3 1188
3 1189
3 1190
3 1191
3 1192
3 1193
3 1194
3 1195
3 1196
3 1197
3 1198
3 1199
3 1200
3 1201
3 1202
3 1203
3 1204
3 1205
3 1206
3 1207
3 1208
3 1209
3 1210
3 1211
3 1212
3 1213
3 1214
3 1215
3 1216
3 1217
3 1218
3 1219
3 1220
3 1221
3 1222
3 1223
3 1224
3 1225
3 1226
3 1227
3 1228
3 1229
3 1230
3 1231
3 1232
3 1233
3 1234
3 1235
3 1236
3 1237
3 1238
3 1239
3 1240
3 1241
3 1242
3 1243
3 1244
3 1245
3 1246
3 1247
3 1248
3 1249
3 1250
3 1251
3 1252
3 1253
3 1254
3 1255
3 1256
3 1257
3 1258
3 1259
3 1260
3 1261
3 1262
3 1263
3 1264
3 1265
3 1266
3 1267
3 1268
3 1269
3 1270
3 1271
3 1272
3 1273
3 1274
3 1275
3 1276
3 1277
3 1278
3 1279
3 1280
3 1281
3 1282
3 1283
3 1284
3 1285
3 1286
3 1287
3 1288
3 1289
3 1290
3 1291
3 1292
3 1293
3 1294
3 1295
3 1296
3 1297
3 1298
3 1299
3 1300
3 1301
3 1302
3 1303
3 1304
3 1305
3 1306
3 1307
3 1308
3 1309
3 1310
3 1311
3 1312
3 1313
3 1314
3 1315
3 1316
3 1317
3 1318
3 1319
3 1320
3 1321
3 1322
3 1323
3 1324
3 1325
3 1326
3 1327
3 1328
3 1329
3 1330
3 1331
3 1332
3 1333
3 1334
3 1335
3 1336
3 1337
3 1338
3 1339
3 1340
3 1341
3 1342
3 1343
3 1344
3 1345
3 1346
3 1347
3 1348
3 1349
3 1350
3 1351
3 1352
3 1353
3 1354
3 1355
3 1356
3 1357
3 1358
3 1359
3 1360
3 1361
3 1362
3 1363
3 1364
3 1365
3 1366
3 1367
3 1368
3 1369
3 1370
3 1371
3 1372
3 1373
3 1374
3 1375
3 1376
3 1377
3 1378
3 1379
3 1380
3 1381
3 1382
3 1383
3 1384
3 1385
3 1386
3 1387
3 1388
3 1389
3 1390
3 1391
3 1392
3 1393
3 1394
3 1395
3 1396
3 1397
3 1398
3 1399
3 1400
3 1401
3 1402
3 1403
3 1404
3 1405
3 1406
3 1407
3 1408
3 1409
3 1410
3 1411
3 1412
3 1413
3 1414
3 1415
3 1416
3 1417
3 1418
3 1419
3 1420
3 1421
3 1422
3 1423
3 1424
3 1425
3 1426
3 1427
3 1428
3 1429
3 1430
3 1431
3 1432
3 1433
3 1434
3 1435
3 1436
3 1437
3 1438
3 1439
3 1440
3 1441
3 1442
3 1443
3 1444
3 1445
3 1446
3 1447
3 1448
3 1449
3 1450
3 1451
3 1452
3 1453
3 1454
3 1455
3 1456
3 1457
3 1458
3 1459
3 1460
3 1461
3 1462
3 1463
3 1464
3 1465
3 1466
3 1467
3 1468
3 1469
3 1470
3 1471
3 1472
3 1473
3 1474
3 1475
3 1476
3 1477
3 1478
3 1479
3 1480
3 1481
3 1482
3 1483
3 1484
3 1485
3 1486
3 1487
3 1488
3 1489
3 1490
3 1491
3 1492
3 1493
3 1494
3 1495
3 1496
3 1497
3 1498
3 1499
3 1500
3 1501
3 1502
3 1503
3 1504
3 1505
3 1506
3 1507
3 1508
3 1509
3 1510
3 1511
3 1512
3 1513
3 1514
3 1515
3 1516
3 1517
3 1518
3 1519
3 1520
3 1521
3 1522
3 1523
3 1524
3 1525
3 1526
3 1527
3 1528
3 1529
3 1530
3 1531
3 1532
3 1533
3 1534
3 1535
3 1536
3 1537
3 1538
3 1539
3 1540
3 1541
3 1542
3 1543
3 1544
3 1545
3 1546
3 1547
3 1548
3 1549
3 1550
3 1551
3 1552
3 1553
3 1554
3 1555
3 1556
3 1557
3 1558
3 1559
3 1560
3 1561
3 1562
3 1563
3 1564
3 1565
3 1566
3 1567
3 1568
3 1569
3 1570
3 1571
3 1572
3 1573
3 1574
3 1575
3 1576
3 1577
3 1578
3 1579
3 1580
3 1581
3 1582
3 1583
3 1584
3 1585
3 1586
3 1587
3 1588
3 1589
3 1590
3 1591
3 1592
3 1593
3 1594
3 1595
3 1596
3 1597
3 1598
3 1599
3 1600
3 1601
3 1602
3 1603
3 1604
3 1605
3 1606
3 1607
3 1608
3 1609
3 1610
3 1611
3 1612
3 1613
3 1614
3 1615
3 1616
3 1617
3 1618
3 1619
3 1620
3 1621
3 1622
3 1623
3 1624
3 1625
3 1626
3 1627
3 1628
3 1629
3 1630
3 1631
3 1632
3 1633
3 1634
3 1635
3 1636
3 1637
3 1638
3 1639
3 1640
3 1641
3 1642
3 1643
3 1644
3 1645
3 1646
3 1647
3 1648
3 1649
3 1650
3 1651
3 1652
3 1653
3 1654
3 1655
3 1656
3 1657
3 1658
3 1659
3 1660
3 1661
3 1662
3 1663
3 1664
3 1665
3 1666
3 1667
3 1668
3 1669
3 1670
3 1671
3 1672
3 1673
3 1674
3 1675
3 1676
3 1677
3 1678
3 1679
3 1680
3 1681
3 1682
3 1683
3 1684
3 1685
3 1686
3 1687
3 1688
3 1689
3 1690
3 1691
3 1692
3 1693
3 1694
3 1695
3 1696
3 1697
3 1698
3 1699
3 1700
3 1701
3 1702
3 1703
3 1704
3 1705
3 1706
3 1707
3 1708
3 1709
3 1710
3 1711
3 1712
3 1713
3 1714
3 1715
3 1716
3 1717
3 1718
3 1719
3 1720
3 1721
3 1722
3 1723
3 1724
3 1725
3 1726
3 1727
3 1728
3 1729
3 1730
3 1731
3 1732
3 1733
3 1734
3 1735
3 1736
3 1737
3 1738
3 1739
3 1740
3 1741
3 1742
3 1743
3 1744
3 1745
3 1746
3 1747
3 1748
3 1749
3 1750
3 1751
3 1752
3 1753
3 1754
3 1755
3 1756
3 1757
3 1758
3 1759
3 1760
3 1761
3 1762
3 1763
3 1764
3 1765
3 1766
3 1767
3 1768
3 1769
3 1770
3 1771
3 1772
3 1773
3 1774
3 1775
3 1776
3 1777
3 1778
3 1779
3 1780
3 1781
3 1782
3 1783
3 1784
3 1785
3 1786
3 1787
3 1788
3 1789
3 1790
3 1791
3 1792
3 1793
3 1794
3 1795
3 1796
3 1797
3 1798
3 1799
3 1800
3 1801
3 1802
3 1803
3 1804
3 1805
3 1806
3 1807
3 1808
3 1809
3 1810
3 1811
3 1812
3 1813
3 1814
3 1815
3 1816
3 1817
3 1818
3 1819
3 1820
3 1821
3 1822
3 1823
3 1824
3 1825
3 1826
3 1827
3 1828
3 1829
3 1830
3 1831
3 1832
3 1833
3 1834
3 1835
3 1836
3 1837
3 1838
3 1839
3 1840
3 1841
3 1842
3 1843
3 1844
3 1845
3 1846
3 1847
3 1848
3 1849
3 1850
3 1851
3 1852
3 1853
3 1854
3 1855
3 1856
3 1857
3 1858
3 1859
3 1860
3 1861
3 1862
3 1863
3 1864
3 1865
3 1866
3 1867
3 1868
3 1869
3 1870
3 1871
3 1872
3 1873
3 1874
3 1875
3 1876
3 1877
3 1878
3 1879
3 1880
3 1881
3 1882
3 1883
3 1884
3 1885
3 1886
3 1887
3 1888
3 1889
3 1890
3 1891
3 1892
3 1893
3 1894
3 1895
3 1896
3 1897
3 1898
3 1899
3 1900
3 1901
3 1902
3 1903
3 1904
3 1905
3 1906
3 1907
3 1908
3 1909
3 1910
3 1911
3 1912
3 1913
3 1914
3 1915
3 1916
3 1917
3 1918
3 1919
3 1920
3 1921
3 1922
3 1923
3 1924
3 1925
3 1926
3 1927
3 1928
3 1929
3 1930
3 1931
3 1932
3 1933
3 1934
3 1935
3 1936
3 1937
3 1938
3 1939
3 1940
3 1941
3 1942
3 1943
3 1944
3 1945
3 1946
3 1947
3 1948
3 1949
3 1950
3 1951
3 1952
3 1953
3 1954
3 1955
3 1956
3 1957
3 1958
3 1959
3 1960
3 1961
3 1962
3 1963
3 1964
3 1965
3 1966
3 1967
3 1968
3 1969
3 1970
3 1971
3 1972
3 1973
3 1974
3 1975
3 1976
3 1977
3 1978
3 1979
3 1980
3 1981
3 1982
3 1983
3 1984
3 1985
3 1986
3 1987
3 1988
3 1989
3 1990
3 1991
3 1992
3 1993
3 1994
3 1995
3 1996
3 1997
3 1998
3 1999
3 2000
3 2001
3 2002
3 2003
3 2004
3 2005
3 2006
3 2007
3 2008
3 2009
3 2010
3 2011
3 2012
3 2013
3 2014
3 2015
3 2016
3 2017
3 2018
3 2019
3 2020
3 2021
3 2022
3 2023
3 2024
3 2025
3 2026
3 2027
3 2028
3 2029
3 2030
3 2031
3 2032
3 2033
3 2034
3 2035
3 2036
3 2037
3 2038
3 2039
3 2040
3 2041
3 2042
3 2043
3 2044
3 2045
3 2046
3 2047
3 2048
3 2049
3 2050
3 2051
3 2052
3 2053
4 5
4 6
4 7
4 8
4 9
4 10
4 11
4 12
4 13
4 14
4 15
4 16
4 17
4 18
4 19
4 20
4 21
4 22
4 23
4 24
4 25
4 26
4 27
4 28
4 29
4 30
4 31
4 32
4 33
4 34
4 35
4 36
4 37
4 38
4 39
4 40
4 41
4 42
4 43
4 44
4 45
4 46
4 47
4 48
4 49
4 50
4 51
4 52
4 53
4 54
4 55
4 56
4 57
4 58
4 59
4 60
4 61
4 62
4 63
4 64
4 65
4 66
4 67
4 68
4 69
4 70
4 71
4 72
4 73
4 74
4 75
4 76
4 77
4 78
4 79
4 80
4 81
4 82
4 83
4 84
4 85
4 86
4 87
4 88
4 89
4 90
4 91
4 92
4 93
4 94
4 95
4 96
4 97
4 98
4 99
4 100
4 101
4 102
4 103
4 104
4 105
4 106
4 107
4 108
4 109
4 110
4 111
4 112
4 113
4 114
4 115
4 116
4 117
4 118
4 119
4 120
4 121
4 122
4 123
4 124
4 125
4 126
4 127
4 128
4 129
4 130
4 131
4 132
4 133
4 134
4 135
4 136
4 137
4 138
4 139
4 140
4 141
4 142
4 143
4 144
4 145
4 146
4 147
4 148
4 149
4 150
4 151
4 152
4 153
4 154
4 155
4 156
4 157
4 158
4 159
4 160
4 161
4 162
4 163
4 164
4 165
4 166
4 167
4 168
4 169
4 170
4 171
4 172
4 173
4 174
4 175
4 176
4 177
4 178
4 179
4 180
4 181
4 182
4 183
4 184
4 185
4 186
4 187
4 188
4 189
4 190
4 191
4 192
4 193
4 194
4 195
4 196
4 197
4 198
4 199
4 200
4 201
4 202
4 203
4 204
4 205
4 206
4 207
4 208
4 209
4 210
4 211
4 212
4 213
4 214
4 215
4 216
4 217
4 218
4 219
4 220
4 221
4 222
4 223
4 224
4 225
4 226
4 227
4 228
4 229
4 230
4 231
4 232
4 233
4 234
4 235
4 236
4 237
4 238
4 239
4 240
4 241
4 242
4 243
4 244
4 245
4 246
4 247
4 248
4 249
4 250
4 251
4 252
4 253
4 254
4 255
4 256
4 257
4 258
4 259
4 260
4 261
4 262
4 263
4 264
4 265
4 266
4 267
4 268
4 269
4 270
4 271
4 272
4 273
4 274
4 275
4 276
4 277
4 278
4 279
4 280
4 281
4 282
4 283
4 284
4 285
4 286
4 287
4 288
4 289
4 290
4 291
4 292
4 293
4 294
4 295
4 296
4 297
4 298
4 299
4 300
4 301
4 302
4 303
4 304
4 305
4 306
4 307
4 308
4 309
4 310
4 311
4 312
4 313
4 314
4 315
4 316
4 317
4 318
4 319
4 320
4 321
4 322
4 323
4 324
4 325
4 326
4 327
4 328
4 329
4 330
4 331
4 332
4 333
4 334
4 335
4 336
4 337
4 338
4 339
4 340
4 341
4 342
4 343
4 344
4 345
4 346
4 347
4 348
4 349
4 350
4 351
4 352
4 353
4 354
4 355
4 356
4 357
4 358
4 359
4 360
4 361
4 362
4 363
4 364
4 365
4 366
4 367
4 368
4 369
4 370
4 371
4 372
4 373
4 374
4 375
4 376
4 377
4 378
4 379
4 380
4 381
4 382
4 383
4 384
4 385
4 386
4 387
4 388
4 389
4 390
4 391
4 392
4 393
4 394
4 395
4 396
4 397
4 398
4 399
4 400
4 401
4 402
4 403
4 404
4 405
4 406
4 407
4 408
4 409
4 410
4 411
4 412
4 413
4 414
4 415
4 416
4 417
4 418
4 419
4 420
4 421
4 422
4 423
4 424
4 425
4 426
4 427
4 428
4 429
4 430
4 431
4 432
4 433
4 434
4 435
4 436
4 437
4 438
4 439
4 440
4 441
4 442
4 443
4 444
4 445
4 446
4 447
4 448
4 449
4 450
4 451
4 452
4 453
4 454
4 455
4 456
4 457
4 458
4 459
4 460
4 461
4 462
4 463
4 464
4 465
4 466
4 467
4 468
4 469
4 470
4 471
4 472
4 473
4 474
4 475
4 476
4 477
4 478
4 479
4 480
4 481
4 482
4 483
4 484
4 485
4 486
4 487
4 488
4 489
4 490
4 491
4 492
4 493
4 494
4 495
4 496
4 497
4 498
4 499
4 500
4 501
4 502
4 503
4 504
4 505
4 506
4 507
4 508
4 509
4 510
4 511
4 512
4 513
4 514
4 515
4 516
4 517
4 518
4 519
4 520
4 521
4 522
4 523
4 524
4 525
4 526
4 527
4 528
4 529
4 530
4 531
4 532
4 533
4 534
4 535
4 536
4 537
4 538
4 539
4 540
4 541
4 542
4 543
4 544
4 545
4 546
4 547
4 548
4 549
4 550
4 551
4 552
4 553
4 554
4 555
4 556
4 557
4 558
4 559
4 560
4 561
4 562
4 563
4 564
4 565
4 566
4 567
4 568
4 569
4 570
4 571
4 572
4 573
4 574
4 575
4 576
4 577
4 578
4 579
4 580
4 581
4 582
4 583
4 584
4 585
4 586
4 587
4 588
4 589
4 590
4 591
4 592
4 593
4 594
4 595
4 596
4 597
4 598
4 599
4 600
4 601
4 602
4 603
4 604
4 605
4 606
4 607
4 608
4 609
4 610
4 611
4 612
4 613
4 614
4 615
4 616
4 617
4 618
4 619
4 620
4 621
4 622
4 623
4 624
4 625
4 626
4 627
4 628
4 629
4 630
4 631
4 632
4 633
4 634
4 635
4 636
4 637
4 638
4 639
4 640
4 641
4 642
4 643
4 644
4 645
4 646
4 647
4 648
4 649
4 650
4 651
4 652
4 653
4 654
4 655
4 656
4 657
4 658
4 659
4 660
4 661
4 662
4 663
4 664
4 665
4 666
4 667
4 668
4 669
4 670
4 671
4 672
4 673
4 674
4 675
4 676
4 677
4 678
4 679
4 680
4 681
4 682
4 683
4 684
4 685
4 686
4 687
4 688
4 689
4 690
4 691
4 692
4 693
4 694
4 695
4 696
4 697
4 698
4 699
4 700
4 701
4 702
4 703
4 704
4 705
4 706
4 707
4 708
4 709
4 710
4 711
4 712
4 713
4 714
4 715
4 716
4 717
4 718
4 719
4 720
4 721
4 722
4 723
4 724
4 725
4 726
4 727
4 728
4 729
4 730
4 731
4 732
4 733
4 734
4 735
4 736
4 737
4 738
4 739
4 740
4 741
4 742
4 743
4 744
4 745
4 746
4 747
4 748
4 749
4 750
4 751
4 752
4 753
4 754
4 755
4 756
4 757
4 758
4 759
4 760
4 761
4 762
4 763
4 764
4 765
4 766
4 767
4 768
4 769
4 770
4 771
4 772
4 773
4 774
4 775
4 776
4 777
4 778
4 779
4 780
4 781
4 782
4 783
4 784
4 785
4 786
4 787
4 788
4 789
4 790
4 791
4 792
4 793
4 794
4 795
4 796
4 797
4 798
4 799
4 800
4 801
4 802
4 803
4 804
4 805
4 806
4 807
4 808
4 809
4 810
4 811
4 812
4 813
4 814
4 815
4 816
4 817
4 818
4 819
4 820
4 821
4 822
4 823
4 824
4 825
4 826
4 827
4 828
4 829
4 830
4 831
4 832
4 833
4 834
4 835
4 836
4 837
4 838
4 839
4 840
4 841
4 842
4 843
4 844
4 845
4 846
4 847
4 848
4 849
4 850
4 851
4 852
4 853
4 854
4 855
4 856
4 857
4 858
4 859
4 860
4 861
4 862
4 863
4 864
4 865
4 866
4 867
4 868
4 869
4 870
4 871
4 872
4 873
4 874
4 875
4 876
4 877
4 878
4 879
4 880
4 881
4 882
4 883
4 884
4 885
4 886
4 887
4 888
4 889
4 890
4 891
4 892
4 893
4 894
4 895
4 896
4 897
4 898
4 899
4 900
4 901
4 902
4 903
4 904
4 905
4 906
4 907
4 908
4 909
4 910
4 911
4 912
4 913
4 914
4 915
4 916
4 917
4 918
4 919
4 920
4 921
4 922
4 923
4 924
4 925
4 926
4 927
4 928
4 929
4 930
4 931
4 932
4 933
4 934
4 935
4 936
4 937
4 938
4 939
4 940
4 941
4 942
4 943
4 944
4 945
4 946
4 947
4 948
4 949
4 950
4 951
4 952
4 953
4 954
4 955
4 956
4 957
4 958
4 959
4 960
4 961
4 962
4 963
4 964
4 965
4 966
4 967
4 968
4 969
4 970
4 971
4 972
4 973
4 974
4 975
4 976
4 977
4 978
4 979
4 980
4 981
4 982
4 983
4 984
4 985
4 986
4 987
4 988
4 989
4 990
4 991
4 992
4 993
4 994
4 995
4 996
4 997
4 998
4 999
4 1000
4 1001
4 1002
4 1003
4 1004
4 1005
4 1006
4 1007
4 1008
4 1009
4 1010
4 1011
4 1012
4 1013
4 1014
4 1015
4 1016
4 1017
4 1018
4 1019
4 1020
4 1021
4 1022
4 1023
4 1024
4 1025
4 1026
4 1027
4 1028
4 1029
4 1030
4 1031
4 1032
4 1033
4 1034
4 1035
4 1036
4 1037
4 1038
4 1039
4 1040
4 1041
4 1042
4 1043
4 1044
4 1045
4 1046
4 1047
4 1048
4 1049
4 1050
4 1051
4 1052
4 1053
4 1054
4 1055
4 1056
4 1057
4 1058
4 1059
4 1060
4 1061
4 1062
4 1063
4 1064
4 1065
4 1066
4 1067
4 1068
4 1069
4 1070
4 1071
4 1072
4 1073
4 1074
4 1075
4 1076
4 1077
4 1078
4 1079
4 1080
4 1081
4 1082
4 1083
4 1084
4 1085
4 1086
4 1087
4 1088
4 1089
4 1090
4 1091
4 1092
4 1093
4 1094
4 1095
4 1096
4 1097
4 1098
4 1099
4 1100
4 1101
4 1102
4 1103
4 1104
4 1105
4 1106
4 1107
4 1108
4 1109
4 1110
4 1111
4 1112
4 1113
4 1114
4 1115
4 1116
4 1117
4 1118
4 1119
4 1120
4 1121
4 1122
4 1123
4 1124
4 1125
4 1126
4 1127
4 1128
4 1129
4 1130
4 1131
4 1132
4 1133
4 1134
4 1135
4 1136
4 1137
4 1138
4 1139
4 1140
4 1141
4 1142
4 1143
4 1144
4 1145
4 1146
4 1147
4 1148
4 1149
4 1150
4 1151
4 1152
4 1153
4 1154
4 1155
4 1156
4 1157
4 1158
4 1159
4 1160
4 1161
4 1162
4 1163
4 1164
4 1165
4 1166
4 1167
4 1168
4 1169
4 1170
4 1171
4 1172
4 1173
4 1174
4 1175
4 1176
4 1177
4 1178
4 1179
4 1180
4 1181
4 1182
4 1183
4 1184
4 1185
4 1186
4 1187
4 1188
4 1189
4 1190
4 1191
4 1192
4 1193
4 1194
4 1195
4 1196
4 1197
4 1198
4 1199
4 1200
4 1201
4 1202
4 1203
4 1204
4 1205
4 1206
4 1207
4 1208
4 1209
4 1210
4 1211
4 1212
4 1213
4 1214
4 1215
4 1216
4 1217
4 1218
4 1219
4 1220
4 1221
4 1222
4 1223
4 1224
4 1225
4 1226
4 1227
4 1228
4 1229
4 1230
4 1231
4 1232
4 1233
4 1234
4 1235
4 1236
4 1237
4 1238
4 1239
4 1240
4 1241
4 1242
4 1243
4 1244
4 1245
4 1246
4 1247
4 1248
4 1249
4 1250
4 1251
4 1252
4 1253
4 1254
4 1255
4 1256
4 1257
4 1258
4 1259
4 1260
4 1261
4 1262
4 1263
4 1264
4 1265
4 1266
4 1267
4 1268
4 1269
4 1270
4 1271
4 1272
4 1273
4 1274
4 1275
4 1276
4 1277
4 1278
4 1279
4 1280
4 1281
4 1282
4 1283
4 1284
4 1285
4 1286
4 1287
4 1288
4 1289
4 1290
4 1291
4 1292
4 1293
4 1294
4 1295
4 1296
4 1297
4 1298
4 1299
4 1300
4 1301
4 1302
4 1303
4 1304
4 1305
4 1306
4 1307
4 1308
4 1309
4 1310
4 1311
4 1312
4 1313
4 1314
4 1315
4 1316
4 1317
4 1318
4 1319
4 1320
4 1321
4 1322
4 1323
4 1324
4 1325
4 1326
4 1327
4 1328
4 1329
4 1330
4 1331
4 1332
4 1333
4 1334
4 1335
4 1336
4 1337
4 1338
4 1339
4 1340
4 1341
4 1342
4 1343
4 1344
4 1345
4 1346
4 1347
4 1348
4 1349
4 1350
4 1351
4 1352
4 1353
4 1354
4 1355
4 1356
4 1357
4 1358
4 1359
4 1360
4 1361
4 1362
4 1363
4 1364
4 1365
4 1366
4 1367
4 1368
4 1369
4 1370
4 1371
4 1372
4 1373
4 1374
4 1375
4 1376
4 1377
4 1378
4 1379
4 1380
4 1381
4 1382
4 1383
4 1384
4 1385
4 1386
4 1387
4 1388
4 1389
4 1390
4 1391
4 1392
4 1393
4 1394
4 1395
4 1396
4 1397
4 1398
4 1399
4 1400
4 1401
4 1402
4 1403
4 1404
4 1405
4 1406
4 1407
4 1408
4 1409
4 1410
4 1411
4 1412
4 1413
4 1414
4 1415
4 1416
4 1417
4 1418
4 1419
4 1420
4 1421
4 1422
4 1423
4 1424
4 1425
4 1426
4 1427
4 1428
4 1429
4 1430
4 1431
4 1432
4 1433
4 1434
4 1435
4 1436
4 1437
4 1438
4 1439
4 1440
4 1441
4 1442
4 1443
4 1444
4 1445
4 1446
4 1447
4 1448
4 1449
4 1450
4 1451
4 1452
4 1453
4 1454
4 1455
4 1456
4 1457
4 1458
4 1459
4 1460
4 1461
4 1462
4 1463
4 1464
4 1465
4 1466
4 1467
4 1468
4 1469
4 1470
4 1471
4 1472
4 1473
4 1474
4 1475
4 1476
4 1477
4 1478
4 1479
4 1480
4 1481
4 1482
4 1483
4 1484
4 1485
4 1486
4 1487
4 1488
4 1489
4 1490
4 1491
4 1492
4 1493
4 1494
4 1495
4 1496
4 1497
4 1498
4 1499
4 1500
4 1501
4 1502
4 1503
4 1504
4 1505
4 1506
4 1507
4 1508
4 1509
4 1510
4 1511
4 1512
4 1513
4 1514
4 1515
4 1516
4 1517
4 1518
4 1519
4 1520
4 1521
4 1522
4 1523
4 1524
4 1525
4 1526
4 1527
4 1528
4 1529
4 1530
4 1531
4 1532
4 1533
4 1534
4 1535
4 1536
4 1537
4 1538
4 1539
4 1540
4 1541
4 1542
4 1543
4 1544
4 1545
4 1546
4 1547
4 1548
4 1549
4 1550
4 1551
4 1552
4 1553
4 1554
4 1555
4 1556
4 1557
4 1558
4 1559
4 1560
4 1561
4 1562
4 1563
4 1564
4 1565
4 1566
4 1567
4 1568
4 1569
4 1570
4 1571
4 1572
4 1573
4 1574
4 1575
4 1576
4 1577
4 1578
4 1579
4 1580
4 1581
4 1582
4 1583
4 1584
4 1585
4 1586
4 1587
4 1588
4 1589
4 1590
4 1591
4 1592
4 1593
4 1594
4 1595
4 1596
4 1597
4 1598
4 1599
4 1600
4 1601
4 1602
4 1603
4 1604
4 1605
4 1606
4 1607
4 1608
4 1609
4 1610
4 1611
4 1612
4 1613
4 1614
4 1615
4 1616
4 1617
4 1618
4 1619
4 1620
4 1621
4 1622
4 1623
4 1624
4 1625
4 1626
4 1627
4 1628
4 1629
4 1630
4 1631
4 1632
4 1633
4 1634
4 1635
4 1636
4 1637
4 1638
4 1639
4 1640
4 1641
4 1642
4 1643
4 1644
4 1645
4 1646
4 1647
4 1648
4 1649
4 1650
4 1651
4 1652
4 1653
4 1654
4 1655
4 1656
4 1657
4 1658
4 1659
4 1660
4 1661
4 1662
4 1663
4 1664
4 1665
4 1666
4 1667
4 1668
4 1669
4 1670
4 1671
4 1672
4 1673
4 1674
4 1675
4 1676
4 1677
4 1678
4 1679
4 1680
4 1681
4 1682
4 1683
4 1684
4 1685
4 1686
4 1687
4 1688
4 1689
4 1690
4 1691
4 1692
4 1693
4 1694
4 1695
4 1696
4 1697
4 1698
4 1699
4 1700
4 1701
4 1702
4 1703
4 1704
4 1705
4 1706
4 1707
4 1708
4 1709
4 1710
4 1711
4 1712
4 1713
4 1714
4 1715
4 1716
4 1717
4 1718
4 1719
4 1720
4 1721
4 1722
4 1723
4 1724
4 1725
4 1726
4 1727
4 1728
4 1729
4 1730
4 1731
4 1732
4 1733
4 1734
4 1735
4 1736
4 1737
4 1738
4 1739
4 1740
4 1741
4 1742
4 1743
4 1744
4 1745
4 1746
4 1747
4 1748
4 1749
4 1750
4 1751
4 1752
4 1753
4 1754
4 1755
4 1756
4 1757
4 1758
4 1759
4 1760
4 1761
4 1762
4 1763
4 1764
4 1765
4 1766
4 1767
4 1768
4 1769
4 1770
4 1771
4 1772
4 1773
4 1774
4 1775
4 1776
4 1777
4 1778
4 1779
4 1780
4 1781
4 1782
4 1783
4 1784
4 1785
4 1786
4 1787
4 1788
4 1789
4 1790
4 1791
4 1792
4 1793
4 1794
4 1795
4 1796
4 1797
4 1798
4 1799
4 1800
4 1801
4 1802
4 1803
4 1804
4 1805
4 1806
4 1807
4 1808
4 1809
4 1810
4 1811
4 1812
4 1813
4 1814
4 1815
4 1816
4 1817
4 1818
4 1819
4 1820
4 1821
4 1822
4 1823
4 1824
4 1825
4 1826
4 1827
4 1828
4 1829
4 1830
4 1831
4 1832
4 1833
4 1834
4 1835
4 1836
4 1837
4 1838
4 1839
4 1840
4 1841
4 1842
4 1843
4 1844
4 1845
4 1846
4 1847
4 1848
4 1849
4 1850
4 1851
4 1852
4 1853
4 1854
4 1855
4 1856
4 1857
4 1858
4 1859
4 1860
4 1861
4 1862
4 1863
4 1864
4 1865
4 1866
4 1867
4 1868
4 1869
4 1870
4 1871
4 1872
4 1873
4 1874
4 1875
4 1876
4 1877
4 1878
4 1879
4 1880
4 1881
4 1882
4 1883
4 1884
4 1885
4 1886
4 1887
4 1888
4 1889
4 1890
4 1891
4 1892
4 1893
4 1894
4 1895
4 1896
4 1897
4 1898
4 1899
4 1900
4 1901
4 1902
4 1903
4 1904
4 1905
4 1906
4 1907
4 1908
4 1909
4 1910
4 1911
4 1912
4 1913
4 1914
4 1915
4 1916
4 1917
4 1918
4 1919
4 1920
4 1921
4 1922
4 1923
4 1924
4 1925
4 1926
4 1927
4 1928
4 1929
4 1930
4 1931
4 1932
4 1933
4 1934
4 1935
4 1936
4 1937
4 1938
4 1939
4 1940
4 1941
4 1942
4 1943
4 1944
4 1945
4 1946
4 1947
4 1948
4 1949
4 1950
4 1951
4 1952
4 1953
4 1954
4 1955
4 1956
4 1957
4 1958
4 1959
4 1960
4 1961
4 1962
4 1963
4 1964
4 1965
4 1966
4 1967
4 1968
4 1969
4 1970
4 1971
4 1972
4 1973
4 1974
4 1975
4 1976
4 1977
4 1978
4 1979
4 1980
4 1981
4 1982
4 1983
4 1984
4 1985
4 1986
4 1987
4 1988
4 1989
4 1990
4 1991
4 1992
4 1993
4 1994
4 1995
4 1996
4 1997
4 1998
4 1999
4 2000
4 2001
4 2002
4 2003
4 2004
4 2005
4 2006
4 2007
4 2008
4 2009
4 2010
4 2011
4 2012
4 2013
4 2014
4 2015
4 2016
4 2017
4 2018
4 2019
4 2020
4 2021
4 2022
4 2023
4 2024
4 2025
4 2026
4 2027
4 2028
4 2029
4 2030
4 2031
4 2032
4 2033
4 2034
4 2035
4 2036
4 2037
4 2038
4 2039
4 2040
4 2041
4 2042
4 2043
4 2044
4 2045
4 2046
4 2047
4 2048
4 2049
4 2050
4 2051
4 2052
4 2053
5 7
5 9
6 8
6 10
7 9
7 11
8 10
8 12
9 11
9 13
10 12
10 14
11 13
11 15
12 14
12 16
13 15
13 17
14 16
14 18
15 17
15 19
16 18
16 20
17 19
17 21
18 20
18 22
19 21
19 23
20 22
20 24
21 23
21 25
22 24
22 26
23 25
23 27
24 26
24 28
25 27
25 29
26 28
26 30
27 29
27 31
28 30
28 32
29 31
29 33
30 32
30 34
31 33
31 35
32 34
32 36
33 35
33 37
34 36
34 38
35 37
35 39
36 38
36 40
37 39
37 41
38 40
38 42
39 41
39 43
40 42
40 44
41 43
41 45
42 44
42 46
43 45
43 47
44 46
44 48
45 47
45 49
46 48
46 50
47 49
47 51
48 50
48 52
49 51
49 53
50 52
50 54
51 53
51 55
52 54
52 56
53 55
53 57
54 56
54 58
55 57
55 59
56 58
56 60
57 59
57 61
58 60
58 62
59 61
59 63
60 62
60 64
61 63
61 65
62 64
62 66
63 65
63 67
64 66
64 68
65 67
65 69
66 68
66 70
67 69
67 71
68 70
68 72
69 71
69 73
70 72
70 74
71 73
71 75
72 74
72 76
73 75
73 77
74 76
74 78
75 77
75 79
76 78
76 80
77 79
77 81
78 80
78 82
79 81
79 83
80 82
80 84
81 83
81 85
82 84
82 86
83 85
83 87
84 86
84 88
85 87
85 89
86 88
86 90
87 89
87 91
88 90
88 92
89 91
89 93
90 92
90 94
91 93
91 95
92 94
92 96
93 95
93 97
94 96
94 98
95 97
95 99
96 98
96 100
97 99
97 101
98 100
98 102
99 101
99 103
100 102
100 104
101 103
101 105
102 104
102 106
103 105
103 107
104 106
104 108
105 107
105 109
106 108
106 110
107 109
107 111
108 110
108 112
109 111
109 113
110 112
110 114
111 113
111 115
112 114
112 116
113 115
113 117
114 116
114 118
115 117
115 119
116 118
116 120
117 119
117 121
118 120
118 122
119 121
119 123
120 122
120 124
121 123
121 125
122 124
122 126
123 125
123 127
124 126
124 128
125 127
125 129
126 128
126 130
127 129
127 131
128 130
128 132
129 131
129 133
130 132
130 134
131 133
131 135
132 134
132 136
133 135
133 137
134 136
134 138
135 137
135 139
136 138
136 140
137 139
137 141
138 140
138 142
139 141
139 143
140 142
140 144
141 143
141 145
142 144
142 146
143 145
143 147
144 146
144 148
145 147
145 149
146 148
146 150
147 149
147 151
148 150
148 152
149 151
149 153
150 152
150 154
151 153
151 155
152 154
152 156
153 155
153 157
154 156
154 158
155 157
155 159
156 158
156 160
157 159
157 161
158 160
158 162
159 161
159 163
160 162
160 164
161 163
161 165
162 164
162 166
163 165
163 167
164 166
164 168
165 167
165 169
166 168
166 170
167 169
167 171
168 170
168 172
169 171
169 173
170 172
170 174
171 173
171 175
172 174
172 176
173 175
173 177
174 176
174 178
175 177
175 179
176 178
176 180
177 179
177 181
178 180
178 182
179 181
179 183
180 182
180 184
181 183
181 185
182 184
182 186
183 185
183 187
184 186
184 188
185 187
185 189
186 188
186 190
187 189
187 191
188 190
188 192
189 191
189 193
190 192
190 194
191 193
191 195
192 194
192 196
193 195
193 197
194 196
194 198
195 197
195 199
196 198
196 200
197 199
197 201
198 200
198 202
199 201
199 203
200 202
200 204
201 203
201 205
202 204
202 206
203 205
203 207
204 206
204 208
205 207
205 209
206 208
206 210
207 209
207 211
208 210
208 212
209 211
209 213
210 212
210 214
211 213
211 215
212 214
212 216
213 215
213 217
214 216
214 218
215 217
215 219
216 218
216 220
217 219
217 221
218 220
218 222
219 221
219 223
220 222
220 224
221 223
221 225
222 224
222 226
223 225
223 227
224 226
224 228
225 227
225 229
226 228
226 230
227 229
227 231
228 230
228 232
229 231
229 233
230 232
230 234
231 233
231 235
232 234
232 236
233 235
233 237
234 236
234 238
235 237
235 239
236 238
236 240
237 239
237 241
238 240
238 242
239 241
239 243
240 242
240 244
241 243
241 245
242 244
242 246
243 245
243 247
244 246
244 248
245 247
245 249
246 248
246 250
247 249
247 251
248 250
248 252
249 251
249 253
250 252
250 254
251 253
251 255
252 254
252 256
253 255
253 257
254 256
254 258
255 257
255 259
256 258
256 260
257 259
257 261
258 260
258 262
259 261
259 263
260 262
260 264
261 263
261 265
262 264
262 266
263 265
263 267
264 266
264 268
265 267
265 269
266 268
266 270
267 269
267 271
268 270
268 272
269 271
269 273
270 272
270 274
271 273
271 275
272 274
272 276
273 275
273 277
274 276
274 278
275 277
275 279
276 278
276 280
277 279
277 281
278 280
278 282
279 281
279 283
280 282
280 284
281 283
281 285
282 284
282 286
283 285
283 287
284 286
284 288
285 287
285 289
286 288
286 290
287 289
287 291
288 290
288 292
289 291
289 293
290 292
290 294
291 293
291 295
292 294
292 296
293 295
293 297
294 296
294 298
295 297
295 299
296 298
296 300
297 299
297 301
298 300
298 302
299 301
299 303
300 302
300 304
301 303
301 305
302 304
302 306
303 305
303 307
304 306
304 308
305 307
305 309
306 308
306 310
307 309
307 311
308 310
308 312
309 311
309 313
310 312
310 314
311 313
311 315
312 314
312 316
313 315
313 317
314 316
314 318
315 317
315 319
316 318
316 320
317 319
317 321
318 320
318 322
319 321
319 323
320 322
320 324
321 323
321 325
322 324
322 326
323 325
323 327
324 326
324 328
325 327
325 329
326 328
326 330
327 329
327 331
328 330
328 332
329 331
329 333
330 332
330 334
331 333
331 335
332 334
332 336
333 335
333 337
334 336
334 338
335 337
335 339
336 338
336 340
337 339
337 341
338 340
338 342
339 341
339 343
340 342
340 344
341 343
341 345
342 344
342 346
343 345
343 347
344 346
344 348
345 347
345 349
346 348
346 350
347 349
347 351
348 350
348 352
349 351
349 353
350 352
350 354
351 353
351 355
352 354
352 356
353 355
353 357
354 356
354 358
355 357
355 359
356 358
356 360
357 359
357 361
358 360
358 362
359 361
359 363
360 362
360 364
361 363
361 365
362 364
362 366
363 365
363 367
364 366
364 368
365 367
365 369
366 368
366 370
367 369
367 371
368 370
368 372
369 371
369 373
370 372
370 374
371 373
371 375
372 374
372 376
373 375
373 377
374 376
374 378
375 377
375 379
376 378
376 380
377 379
377 381
378 380
378 382
379 381
379 383
380 382
380 384
381 383
381 385
382 384
382 386
383 385
383 387
384 386
384 388
385 387
385 389
386 388
386 390
387 389
387 391
388 390
388 392
389 391
389 393
390 392
390 394
391 393
391 395
392 394
392 396
393 395
393 397
394 396
394 398
395 397
395 399
396 398
396 400
397 399
397 401
398 400
398 402
399 401
399 403
400 402
400 404
401 403
401 405
402 404
402 406
403 405
403 407
404 406
404 408
405 407
405 409
406 408
406 410
407 409
407 411
408 410
408 412
409 411
409 413
410 412
410 414
411 413
411 415
412 414
412 416
413 415
413 417
414 416
414 418
415 417
415 419
416 418
416 420
417 419
417 421
418 420
418 422
419 421
419 423
420 422
420 424
421 423
421 425
422 424
422 426
423 425
423 427
424 426
424 428
425 427
425 429
426 428
426 430
427 429
427 431
428 430
428 432
429 431
429 433
430 432
430 434
431 433
431 435
432 434
432 436
433 435
433 437
434 436
434 438
435 437
435 439
436 438
436 440
437 439
437 441
438 440
438 442
439 441
439 443
440 442
440 444
441 443
441 445
442 444
442 446
443 445
443 447
444 446
444 448
445 447
445 449
446 448
446 450
447 449
447 451
448 450
448 452
449 451
449 453
450 452
450 454
451 453
451 455
452 454
452 456
453 455
453 457
454 456
454 458
455 457
455 459
456 458
456 460
457 459
457 461
458 460
458 462
459 461
459 463
460 462
460 464
461 463
461 465
462 464
462 466
463 465
463 467
464 466
464 468
465 467
465 469
466 468
466 470
467 469
467 471
468 470
468 472
469 471
469 473
470 472
470 474
471 473
471 475
472 474
472 476
473 475
473 477
474 476
474 478
475 477
475 479
476 478
476 480
477 479
477 481
478 480
478 482
479 481
479 483
480 482
480 484
481 483
481 485
482 484
482 486
483 485
483 487
484 486
484 488
485 487
485 489
486 488
486 490
487 489
487 491
488 490
488 492
489 491
489 493
490 492
490 494
491 493
491 495
492 494
492 496
493 495
493 497
494 496
494 498
495 497
495 499
496 498
496 500
497 499
497 501
498 500
498 502
499 501
499 503
500 502
500 504
501 503
501 505
502 504
502 506
503 505
503 507
504 506
504 508
505 507
505 509
506 508
506 510
507 509
507 511
508 510
508 512
509 511
509 513
510 512
510 514
511 513
511 515
512 514
512 516
513 515
513 517
514 516
514 518
515 517
515 519
516 518
516 520
517 519
517 521
518 520
518 522
519 521
519 523
520 522
520 524
521 523
521 525
522 524
522 526
523 525
523 527
524 526
524 528
525 527
525 529
526 528
526 530
527 529
527 531
528 530
528 532
529 531
529 533
530 532
530 534
531 533
531 535
532 534
532 536
533 535
533 537
534 536
534 538
535 537
535 539
536 538
536 540
537 539
537 541
538 540
538 542
539 541
539 543
540 542
540 544
541 543
541 545
542 544
542 546
543 545
543 547
544 546
544 548
545 547
545 549
546 548
546 550
547 549
547 551
548 550
548 552
549 551
549 553
550 552
550 554
551 553
551 555
552 554
552 556
553 555
553 557
554 556
554 558
555 557
555 559
556 558
556 560
557 559
557 561
558 560
558 562
559 561
559 563
560 562
560 564
561 563
561 565
562 564
562 566
563 565
563 567
564 566
564 568
565 567
565 569
566 568
566 570
567 569
567 571
568 570
568 572
569 571
569 573
570 572
570 574
571 573
571 575
572 574
572 576
573 575
573 577
574 576
574 578
575 577
575 579
576 578
576 580
577 579
577 581
578 580
578 582
579 581
579 583
580 582
580 584
581 583
581 585
582 584
582 586
583 585
583 587
584 586
584 588
585 587
585 589
586 588
586 590
587 589
587 591
588 590
588 592
589 591
589 593
590 592
590 594
591 593
591 595
592 594
592 596
593 595
593 597
594 596
594 598
595 597
595 599
596 598
596 600
597 599
597 601
598 600
598 602
599 601
599 603
600 602
600 604
601 603
601 605
602 604
602 606
603 605
603 607
604 606
604 608
605 607
605 609
606 608
606 610
607 609
607 611
608 610
608 612
609 611
609 613
610 612
610 614
611 613
611 615
612 614
612 616
613 615
613 617
614 616
614 618
615 617
615 619
616 618
616 620
617 619
617 621
618 620
618 622
619 621
619 623
620 622
620 624
621 623
621 625
622 624
622 626
623 625
623 627
624 626
624 628
625 627
625 629
626 628
626 630
627 629
627 631
628 630
628 632
629 631
629 633
630 632
630 634
631 633
631 635
632 634
632 636
633 635
633 637
634 636
634 638
635 637
635 639
636 638
636 640
637 639
637 641
638 640
638 642
639 641
639 643
640 642
640 644
641 643
641 645
642 644
642 646
643 645
643 647
644 646
644 648
645 647
645 649
646 648
646 650
647 649
647 651
648 650
648 652
649 651
649 653
650 652
650 654
651 653
651 655
652 654
652 656
653 655
653 657
654 656
654 658
655 657
655 659
656 658
656 660
657 659
657 661
658 660
658 662
659 661
659 663
660 662
660 664
661 663
661 665
662 664
662 666
663 665
663 667
664 666
664 668
665 667
665 669
666 668
666 670
667 669
667 671
668 670
668 672
669 671
669 673
670 672
670 674
671 673
671 675
672 674
672 676
673 675
673 677
674 676
674 678
675 677
675 679
676 678
676 680
677 679
677 681
678 680
678 682
679 681
679 683
680 682
680 684
681 683
681 685
682 684
682 686
683 685
683 687
684 686
684 688
685 687
685 689
686 688
686 690
687 689
687 691
688 690
688 692
689 691
689 693
690 692
690 694
691 693
691 695
692 694
692 696
693 695
693 697
694 696
694 698
695 697
695 699
696 698
696 700
697 699
697 701
698 700
698 702
699 701
699 703
700 702
700 704
701 703
701 705
702 704
702 706
703 705
703 707
704 706
704 708
705 707
705 709
706 708
706 710
707 709
707 711
708 710
708 712
709 711
709 713
710 712
710 714
711 713
711 715
712 714
712 716
713 715
713 717
714 716
714 718
715 717
715 719
716 718
716 720
717 719
717 721
718 720
718 722
719 721
719 723
720 722
720 724
721 723
721 725
722 724
722 726
723 725
723 727
724 726
724 728
725 727
725 729
726 728
726 730
727 729
727 731
728 730
728 732
729 731
729 733
730 732
730 734
731 733
731 735
732 734
732 736
733 735
733 737
734 736
734 738
735 737
735 739
736 738
736 740
737 739
737 741
738 740
738 742
739 741
739 743
740 742
740 744
741 743
741 745
742 744
742 746
743 745
743 747
744 746
744 748
745 747
745 749
746 748
746 750
747 749
747 751
748 750
748 752
749 751
749 753
750 752
750 754
751 753
751 755
752 754
752 756
753 755
753 757
754 756
754 758
755 757
755 759
756 758
756 760
757 759
757 761
758 760
758 762
759 761
759 763
760 762
760 764
761 763
761 765
762 764
762 766
763 765
763 767
764 766
764 768
765 767
765 769
766 768
766 770
767 769
767 771
768 770
768 772
769 771
769 773
770 772
770 774
771 773
771 775
772 774
772 776
773 775
773 777
774 776
774 778
775 777
775 779
776 778
776 780
777 779
777 781
778 780
778 782
779 781
779 783
780 782
780 784
781 783
781 785
782 784
782 786
783 785
783 787
784 786
784 788
785 787
785 789
786 788
786 790
787 789
787 791
788 790
788 792
789 791
789 793
790 792
790 794
791 793
791 795
792 794
792 796
793 795
793 797
794 796
794 798
795 797
795 799
796 798
796 800
797 799
797 801
798 800
798 802
799 801
799 803
800 802
800 804
801 803
801 805
802 804
802 806
803 805
803 807
804 806
804 808
805 807
805 809
806 808
806 810
807 809
807 811
808 810
808 812
809 811
809 813
810 812
810 814
811 813
811 815
812 814
812 816
813 815
813 817
814 816
814 818
815 817
815 819
816 818
816 820
817 819
817 821
818 820
818 822
819 821
819 823
820 822
820 824
821 823
821 825
822 824
822 826
823 825
823 827
824 826
824 828
825 827
825 829
826 828
826 830
827 829
827 831
828 830
828 832
829 831
829 833
830 832
830 834
831 833
831 835
832 834
832 836
833 835
833 837
834 836
834 838
835 837
835 839
836 838
836 840
837 839
837 841
838 840
838 842
839 841
839 843
840 842
840 844
841 843
841 845
842 844
842 846
843 845
843 847
844 846
844 848
845 847
845 849
846 848
846 850
847 849
847 851
848 850
848 852
849 851
849 853
850 852
850 854
851 853
851 855
852 854
852 856
853 855
853 857
854 856
854 858
855 857
855 859
856 858
856 860
857 859
857 861
858 860
858 862
859 861
859 863
860 862
860 864
861 863
861 865
862 864
862 866
863 865
863 867
864 866
864 868
865 867
865 869
866 868
866 870
867 869
867 871
868 870
868 872
869 871
869 873
870 872
870 874
871 873
871 875
872 874
872 876
873 875
873 877
874 876
874 878
875 877
875 879
876 878
876 880
877 879
877 881
878 880
878 882
879 881
879 883
880 882
880 884
881 883
881 885
882 884
882 886
883 885
883 887
884 886
884 888
885 887
885 889
886 888
886 890
887 889
887 891
888 890
888 892
889 891
889 893
890 892
890 894
891 893
891 895
892 894
892 896
893 895
893 897
894 896
894 898
895 897
895 899
896 898
896 900
897 899
897 901
898 900
898 902
899 901
899 903
900 902
900 904
901 903
901 905
902 904
902 906
903 905
903 907
904 906
904 908
905 907
905 909
906 908
906 910
907 909
907 911
908 910
908 912
909 911
909 913
910 912
910 914
911 913
911 915
912 914
912 916
913 915
913 917
914 916
914 918
915 917
915 919
916 918
916 920
917 919
917 921
918 920
918 922
919 921
919 923
920 922
920 924
921 923
921 925
922 924
922 926
923 925
923 927
924 926
924 928
925 927
925 929
926 928
926 930
927 929
927 931
928 930
928 932
929 931
929 933
930 932
930 934
931 933
931 935
932 934
932 936
933 935
933 937
934 936
934 938
935 937
935 939
936 938
936 940
937 939
937 941
938 940
938 942
939 941
939 943
940 942
940 944
941 943
941 945
942 944
942 946
943 945
943 947
944 946
944 948
945 947
945 949
946 948
946 950
947 949
947 951
948 950
948 952
949 951
949 953
950 952
950 954
951 953
951 955
952 954
952 956
953 955
953 957
954 956
954 958
955 957
955 959
956 958
956 960
957 959
957 961
958 960
958 962
959 961
959 963
960 962
960 964
961 963
961 965
962 964
962 966
963 965
963 967
964 966
964 968
965 967
965 969
966 968
966 970
967 969
967 971
968 970
968 972
969 971
969 973
970 972
970 974
971 973
971 975
972 974
972 976
973 975
973 977
974 976
974 978
975 977
975 979
976 978
976 980
977 979
977 981
978 980
978 982
979 981
979 983
980 982
980 984
981 983
981 985
982 984
982 986
983 985
983 987
984 986
984 988
985 987
985 989
986 988
986 990
987 989
987 991
988 990
988 992
989 991
989 993
990 992
990 994
991 993
991 995
992 994
992 996
993 995
993 997
994 996
994 998
995 997
995 999
996 998
996 1000
997 999
997 1001
998 1000
998 1002
999 1001
999 1003
1000 1002
1000 1004
1001 1003
1001 1005
1002 1004
1002 1006
1003 1005
1003 1007
1004 1006
1004 1008
1005 1007
1005 1009
1006 1008
1006 1010
1007 1009
1007 1011
1008 1010
1008 1012
1009 1011
1009 1013
1010 1012
1010 1014
1011 1013
1011 1015
1012 1014
1012 1016
1013 1015
1013 1017
1014 1016
1014 1018
1015 1017
1015 1019
1016 1018
1016 1020
1017 1019
1017 1021
1018 1020
1018 1022
1019 1021
1019 1023
1020 1022
1020 1024
1021 1023
1021 1025
1022 1024
1022 1026
1023 1025
1023 1027
1024 1026
1024 1028
1025 1027
1025 1029
1026 1028
1026 1030
1027 1029
1027 1031
1028 1030
1028 1032
1029 1031
1029 1033
1030 1032
1030 1034
1031 1033
1031 1035
1032 1034
1032 1036
1033 1035
1033 1037
1034 1036
1034 1038
1035 1037
1035 1039
1036 1038
1036 1040
1037 1039
1037 1041
1038 1040
1038 1042
1039 1041
1039 1043
1040 1042
1040 1044
1041 1043
1041 1045
1042 1044
1042 1046
1043 1045
1043 1047
1044 1046
1044 1048
1045 1047
1045 1049
1046 1048
1046 1050
1047 1049
1047 1051
1048 1050
1048 1052
1049 1051
1049 1053
1050 1052
1050 1054
1051 1053
1051 1055
1052 1054
1052 1056
1053 1055
1053 1057
1054 1056
1054 1058
1055 1057
1055 1059
1056 1058
1056 1060
1057 1059
1057 1061
1058 1060
1058 1062
1059 1061
1059 1063
1060 1062
1060 1064
1061 1063
1061 1065
1062 1064
1062 1066
1063 1065
1063 1067
1064 1066
1064 1068
1065 1067
1065 1069
1066 1068
1066 1070
1067 1069
1067 1071
1068 1070
1068 1072
1069 1071
1069 1073
1070 1072
1070 1074
1071 1073
1071 1075
1072 1074
1072 1076
1073 1075
1073 1077
1074 1076
1074 1078
1075 1077
1075 1079
1076 1078
1076 1080
1077 1079
1077 1081
1078 1080
1078 1082
1079 1081
1079 1083
1080 1082
1080 1084
1081 1083
1081 1085
1082 1084
1082 1086
1083 1085
1083 1087
1084 1086
1084 1088
1085 1087
1085 1089
1086 1088
1086 1090
1087 1089
1087 1091
1088 1090
1088 1092
1089 1091
1089 1093
1090 1092
1090 1094
1091 1093
1091 1095
1092 1094
1092 1096
1093 1095
1093 1097
1094 1096
1094 1098
1095 1097
1095 1099
1096 1098
1096 1100
1097 1099
1097 1101
1098 1100
1098 1102
1099 1101
1099 1103
1100 1102
1100 1104
1101 1103
1101 1105
1102 1104
1102 1106
1103 1105
1103 1107
1104 1106
1104 1108
1105 1107
1105 1109
1106 1108
1106 1110
1107 1109
1107 1111
1108 1110
1108 1112
1109 1111
1109 1113
1110 1112
1110 1114
1111 1113
1111 1115
1112 1114
1112 1116
1113 1115
1113 1117
1114 1116
1114 1118
1115 1117
1115 1119
1116 1118
1116 1120
1117 1119
1117 1121
1118 1120
1118 1122
1119 1121
1119 1123
1120 1122
1120 1124
1121 1123
1121 1125
1122 1124
1122 1126
1123 1125
1123 1127
1124 1126
1124 1128
1125 1127
1125 1129
1126 1128
1126 1130
1127 1129
1127 1131
1128 1130
1128 1132
1129 1131
1129 1133
1130 1132
1130 1134
1131 1133
1131 1135
1132 1134
1132 1136
1133 1135
1133 1137
1134 1136
1134 1138
1135 1137
1135 1139
1136 1138
1136 1140
1137 1139
1137 1141
1138 1140
1138 1142
1139 1141
1139 1143
1140 1142
1140 1144
1141 1143
1141 1145
1142 1144
1142 1146
1143 1145
1143 1147
1144 1146
1144 1148
1145 1147
1145 1149
1146 1148
1146 1150
1147 1149
1147 1151
1148 1150
1148 1152
1149 1151
1149 1153
1150 1152
1150 1154
1151 1153
1151 1155
1152 1154
1152 1156
1153 1155
1153 1157
1154 1156
1154 1158
1155 1157
1155 1159
1156 1158
1156 1160
1157 1159
1157 1161
1158 1160
1158 1162
1159 1161
1159 1163
1160 1162
1160 1164
1161 1163
1161 1165
1162 1164
1162 1166
1163 1165
1163 1167
1164 1166
1164 1168
1165 1167
1165 1169
1166 1168
1166 1170
1167 1169
1167 1171
1168 1170
1168 1172
1169 1171
1169 1173
1170 1172
1170 1174
1171 1173
1171 1175
1172 1174
1172 1176
1173 1175
1173 1177
1174 1176
1174 1178
1175 1177
1175 1179
1176 1178
1176 1180
1177 1179
1177 1181
1178 1180
1178 1182
1179 1181
1179 1183
1180 1182
1180 1184
1181 1183
1181 1185
1182 1184
1182 1186
1183 1185
1183 1187
1184 1186
1184 1188
1185 1187
1185 1189
1186 1188
1186 1190
1187 1189
1187 1191
1188 1190
1188 1192
1189 1191
1189 1193
1190 1192
1190 1194
1191 1193
1191 1195
1192 1194
1192 1196
1193 1195
1193 1197
1194 1196
1194 1198
1195 1197
1195 1199
1196 1198
1196 1200
1197 1199
1197 1201
1198 1200
1198 1202
1199 1201
1199 1203
1200 1202
1200 1204
1201 1203
1201 1205
1202 1204
1202 1206
1203 1205
1203 1207
1204 1206
1204 1208
1205 1207
1205 1209
1206 1208
1206 1210
1207 1209
1207 1211
1208 1210
1208 1212
1209 1211
1209 1213
1210 1212
1210 1214
1211 1213
1211 1215
1212 1214
1212 1216
1213 1215
1213 1217
1214 1216
1214 1218
1215 1217
1215 1219
1216 1218
1216 1220
1217 1219
1217 1221
1218 1220
1218 1222
1219 1221
1219 1223
1220 1222
1220 1224
1221 1223
1221 1225
1222 1224
1222 1226
1223 1225
1223 1227
1224 1226
1224 1228
1225 1227
1225 1229
1226 1228
1226 1230
1227 1229
1227 1231
1228 1230
1228 1232
1229 1231
1229 1233
1230 1232
1230 1234
1231 1233
1231 1235
1232 1234
1232 1236
1233 1235
1233 1237
1234 1236
1234 1238
1235 1237
1235 1239
1236 1238
1236 1240
1237 1239
1237 1241
1238 1240
1238 1242
1239 1241
1239 1243
1240 1242
1240 1244
1241 1243
1241 1245
1242 1244
1242 1246
1243 1245
1243 1247
1244 1246
1244 1248
1245 1247
1245 1249
1246 1248
1246 1250
1247 1249
1247 1251
1248 1250
1248 1252
1249 1251
1249 1253
1250 1252
1250 1254
1251 1253
1251 1255
1252 1254
1252 1256
1253 1255
1253 1257
1254 1256
1254 1258
1255 1257
1255 1259
1256 1258
1256 1260
1257 1259
1257 1261
1258 1260
1258 1262
1259 1261
1259 1263
1260 1262
1260 1264
1261 1263
1261 1265
1262 1264
1262 1266
1263 1265
1263 1267
1264 1266
1264 1268
1265 1267
1265 1269
1266 1268
1266 1270
1267 1269
1267 1271
1268 1270
1268 1272
1269 1271
1269 1273
1270 1272
1270 1274
1271 1273
1271 1275
1272 1274
1272 1276
1273 1275
1273 1277
1274 1276
1274 1278
1275 1277
1275 1279
1276 1278
1276 1280
1277 1279
1277 1281
1278 1280
1278 1282
1279 1281
1279 1283
1280 1282
1280 1284
1281 1283
1281 1285
1282 1284
1282 1286
1283 1285
1283 1287
1284 1286
1284 1288
1285 1287
1285 1289
1286 1288
1286 1290
1287 1289
1287 1291
1288 1290
1288 1292
1289 1291
1289 1293
1290 1292
1290 1294
1291 1293
1291 1295
1292 1294
1292 1296
1293 1295
1293 1297
1294 1296
1294 1298
1295 1297
1295 1299
1296 1298
1296 1300
1297 1299
1297 1301
1298 1300
1298 1302
1299 1301
1299 1303
1300 1302
1300 1304
1301 1303
1301 1305
1302 1304
1302 1306
1303 1305
1303 1307
1304 1306
1304 1308
1305 1307
1305 1309
1306 1308
1306 1310
1307 1309
1307 1311
1308 1310
1308 1312
1309 1311
1309 1313
1310 1312
1310 1314
1311 1313
1311 1315
1312 1314
1312 1316
1313 1315
1313 1317
1314 1316
1314 1318
1315 1317
1315 1319
1316 1318
1316 1320
1317 1319
1317 1321
1318 1320
1318 1322
1319 1321
1319 1323
1320 1322
1320 1324
1321 1323
1321 1325
1322 1324
1322 1326
1323 1325
1323 1327
1324 1326
1324 1328
1325 1327
1325 1329
1326 1328
1326 1330
1327 1329
1327 1331
1328 1330
1328 1332
1329 1331
1329 1333
1330 1332
1330 1334
1331 1333
1331 1335
1332 1334
1332 1336
1333 1335
1333 1337
1334 1336
1334 1338
1335 1337
1335 1339
1336 1338
1336 1340
1337 1339
1337 1341
1338 1340
1338 1342
1339 1341
1339 1343
1340 1342
1340 1344
1341 1343
1341 1345
1342 1344
1342 1346
1343 1345
1343 1347
1344 1346
1344 1348
1345 1347
1345 1349
1346 1348
1346 1350
1347 1349
1347 1351
1348 1350
1348 1352
1349 1351
1349 1353
1350 1352
1350 1354
1351 1353
1351 1355
1352 1354
1352 1356
1353 1355
1353 1357
1354 1356
1354 1358
1355 1357
1355 1359
1356 1358
1356 1360
1357 1359
1357 1361
1358 1360
1358 1362
1359 1361
1359 1363
1360 1362
1360 1364
1361 1363
1361 1365
1362 1364
1362 1366
1363 1365
1363 1367
1364 1366
1364 1368
1365 1367
1365 1369
1366 1368
1366 1370
1367 1369
1367 1371
1368 1370
1368 1372
1369 1371
1369 1373
1370 1372
1370 1374
1371 1373
1371 1375
1372 1374
1372 1376
1373 1375
1373 1377
1374 1376
1374 1378
1375 1377
1375 1379
1376 1378
1376 1380
1377 1379
1377 1381
1378 1380
1378 1382
1379 1381
1379 1383
1380 1382
1380 1384
1381 1383
1381 1385
1382 1384
1382 1386
1383 1385
1383 1387
1384 1386
1384 1388
1385 1387
1385 1389
1386 1388
1386 1390
1387 1389
1387 1391
1388 1390
1388 1392
1389 1391
1389 1393
1390 1392
1390 1394
1391 1393
1391 1395
1392 1394
1392 1396
1393 1395
1393 1397
1394 1396
1394 1398
1395 1397
1395 1399
1396 1398
1396 1400
1397 1399
1397 1401
1398 1400
1398 1402
1399 1401
1399 1403
1400 1402
1400 1404
1401 1403
1401 1405
1402 1404
1402 1406
1403 1405
1403 1407
1404 1406
1404 1408
1405 1407
1405 1409
1406 1408
1406 1410
1407 1409
1407 1411
1408 1410
1408 1412
1409 1411
1409 1413
1410 1412
1410 1414
1411 1413
1411 1415
1412 1414
1412 1416
1413 1415
1413 1417
1414 1416
1414 1418
1415 1417
1415 1419
1416 1418
1416 1420
1417 1419
1417 1421
1418 1420
1418 1422
1419 1421
1419 1423
1420 1422
1420 1424
1421 1423
1421 1425
1422 1424
1422 1426
1423 1425
1423 1427
1424 1426
1424 1428
1425 1427
1425 1429
1426 1428
1426 1430
1427 1429
1427 1431
1428 1430
1428 1432
1429 1431
1429 1433
1430 1432
1430 1434
1431 1433
1431 1435
1432 1434
1432 1436
1433 1435
1433 1437
1434 1436
1434 1438
1435 1437
1435 1439
1436 1438
1436 1440
1437 1439
1437 1441
1438 1440
1438 1442
1439 1441
1439 1443
1440 1442
1440 1444
1441 1443
1441 1445
1442 1444
1442 1446
1443 1445
1443 1447
1444 1446
1444 1448
1445 1447
1445 1449
1446 1448
1446 1450
1447 1449
1447 1451
1448 1450
1448 1452
1449 1451
1449 1453
1450 1452
1450 1454
1451 1453
1451 1455
1452 1454
1452 1456
1453 1455
1453 1457
1454 1456
1454 1458
1455 1457
1455 1459
1456 1458
1456 1460
1457 1459
1457 1461
1458 1460
1458 1462
1459 1461
1459 1463
1460 1462
1460 1464
1461 1463
1461 1465
1462 1464
1462 1466
1463 1465
1463 1467
1464 1466
1464 1468
1465 1467
1465 1469
1466 1468
1466 1470
1467 1469
1467 1471
1468 1470
1468 1472
1469 1471
1469 1473
1470 1472
1470 1474
1471 1473
1471 1475
1472 1474
1472 1476
1473 1475
1473 1477
1474 1476
1474 1478
1475 1477
1475 1479
1476 1478
1476 1480
1477 1479
1477 1481
1478 1480
1478 1482
1479 1481
1479 1483
1480 1482
1480 1484
1481 1483
1481 1485
1482 1484
1482 1486
1483 1485
1483 1487
1484 1486
1484 1488
1485 1487
1485 1489
1486 1488
1486 1490
1487 1489
1487 1491
1488 1490
1488 1492
1489 1491
1489 1493
1490 1492
1490 1494
1491 1493
1491 1495
1492 1494
1492 1496
1493 1495
1493 1497
1494 1496
1494 1498
1495 1497
1495 1499
1496 1498
1496 1500
1497 1499
1497 1501
1498 1500
1498 1502
1499 1501
1499 1503
1500 1502
1500 1504
1501 1503
1501 1505
1502 1504
1502 1506
1503 1505
1503 1507
1504 1506
1504 1508
1505 1507
1505 1509
1506 1508
1506 1510
1507 1509
1507 1511
1508 1510
1508 1512
1509 1511
1509 1513
1510 1512
1510 1514
1511 1513
1511 1515
1512 1514
1512 1516
1513 1515
1513 1517
1514 1516
1514 1518
1515 1517
1515 1519
1516 1518
1516 1520
1517 1519
1517 1521
1518 1520
1518 1522
1519 1521
1519 1523
1520 1522
1520 1524
1521 1523
1521 1525
1522 1524
1522 1526
1523 1525
1523 1527
1524 1526
1524 1528
1525 1527
1525 1529
1526 1528
1526 1530
1527 1529
1527 1531
1528 1530
1528 1532
1529 1531
1529 1533
1530 1532
1530 1534
1531 1533
1531 1535
1532 1534
1532 1536
1533 1535
1533 1537
1534 1536
1534 1538
1535 1537
1535 1539
1536 1538
1536 1540
1537 1539
1537 1541
1538 1540
1538 1542
1539 1541
1539 1543
1540 1542
1540 1544
1541 1543
1541 1545
1542 1544
1542 1546
1543 1545
1543 1547
1544 1546
1544 1548
1545 1547
1545 1549
1546 1548
1546 1550
1547 1549
1547 1551
1548 1550
1548 1552
1549 1551
1549 1553
1550 1552
1550 1554
1551 1553
1551 1555
1552 1554
1552 1556
1553 1555
1553 1557
1554 1556
1554 1558
1555 1557
1555 1559
1556 1558
1556 1560
1557 1559
1557 1561
1558 1560
1558 1562
1559 1561
1559 1563
1560 1562
1560 1564
1561 1563
1561 1565
1562 1564
1562 1566
1563 1565
1563 1567
1564 1566
1564 1568
1565 1567
1565 1569
1566 1568
1566 1570
1567 1569
1567 1571
1568 1570
1568 1572
1569 1571
1569 1573
1570 1572
1570 1574
1571 1573
1571 1575
1572 1574
1572 1576
1573 1575
1573 1577
1574 1576
1574 1578
1575 1577
1575 1579
1576 1578
1576 1580
1577 1579
1577 1581
1578 1580
1578 1582
1579 1581
1579 1583
1580 1582
1580 1584
1581 1583
1581 1585
1582 1584
1582 1586
1583 1585
1583 1587
1584 1586
1584 1588
1585 1587
1585 1589
1586 1588
1586 1590
1587 1589
1587 1591
1588 1590
1588 1592
1589 1591
1589 1593
1590 1592
1590 1594
1591 1593
1591 1595
1592 1594
1592 1596
1593 1595
1593 1597
1594 1596
1594 1598
1595 1597
1595 1599
1596 1598
1596 1600
1597 1599
1597 1601
1598 1600
1598 1602
1599 1601
1599 1603
1600 1602
1600 1604
1601 1603
1601 1605
1602 1604
1602 1606
1603 1605
1603 1607
1604 1606
1604 1608
1605 1607
1605 1609
1606 1608
1606 1610
1607 1609
1607 1611
1608 1610
1608 1612
1609 1611
1609 1613
1610 1612
1610 1614
1611 1613
1611 1615
1612 1614
1612 1616
1613 1615
1613 1617
1614 1616
1614 1618
1615 1617
1615 1619
1616 1618
1616 1620
1617 1619
1617 1621
1618 1620
1618 1622
1619 1621
1619 1623
1620 1622
1620 1624
1621 1623
1621 1625
1622 1624
1622 1626
1623 1625
1623 1627
1624 1626
1624 1628
1625 1627
1625 1629
1626 1628
1626 1630
1627 1629
1627 1631
1628 1630
1628 1632
1629 1631
1629 1633
1630 1632
1630 1634
1631 1633
1631 1635
1632 1634
1632 1636
1633 1635
1633 1637
1634 1636
1634 1638
1635 1637
1635 1639
1636 1638
1636 1640
1637 1639
1637 1641
1638 1640
1638 1642
1639 1641
1639 1643
1640 1642
1640 1644
1641 1643
1641 1645
1642 1644
1642 1646
1643 1645
1643 1647
1644 1646
1644 1648
1645 1647
1645 1649
1646 1648
1646 1650
1647 1649
1647 1651
1648 1650
1648 1652
1649 1651
1649 1653
1650 1652
1650 1654
1651 1653
1651 1655
1652 1654
1652 1656
1653 1655
1653 1657
1654 1656
1654 1658
1655 1657
1655 1659
1656 1658
1656 1660
1657 1659
1657 1661
1658 1660
1658 1662
1659 1661
1659 1663
1660 1662
1660 1664
1661 1663
1661 1665
1662 1664
1662 1666
1663 1665
1663 1667
1664 1666
1664 1668
1665 1667
1665 1669
1666 1668
1666 1670
1667 1669
1667 1671
1668 1670
1668 1672
1669 1671
1669 1673
1670 1672
1670 1674
1671 1673
1671 1675
1672 1674
1672 1676
1673 1675
1673 1677
1674 1676
1674 1678
1675 1677
1675 1679
1676 1678
1676 1680
1677 1679
1677 1681
1678 1680
1678 1682
1679 1681
1679 1683
1680 1682
1680 1684
1681 1683
1681 1685
1682 1684
1682 1686
1683 1685
1683 1687
1684 1686
1684 1688
1685 1687
1685 1689
1686 1688
1686 1690
1687 1689
1687 1691
1688 1690
1688 1692
1689 1691
1689 1693
1690 1692
1690 1694
1691 1693
1691 1695
1692 1694
1692 1696
1693 1695
1693 1697
1694 1696
1694 1698
1695 1697
1695 1699
1696 1698
1696 1700
1697 1699
1697 1701
1698 1700
1698 1702
1699 1701
1699 1703
1700 1702
1700 1704
1701 1703
1701 1705
1702 1704
1702 1706
1703 1705
1703 1707
1704 1706
1704 1708
1705 1707
1705 1709
1706 1708
1706 1710
1707 1709
1707 1711
1708 1710
1708 1712
1709 1711
1709 1713
1710 1712
1710 1714
1711 1713
1711 1715
1712 1714
1712 1716
1713 1715
1713 1717
1714 1716
1714 1718
1715 1717
1715 1719
1716 1718
1716 1720
1717 1719
1717 1721
1718 1720
1718 1722
1719 1721
1719 1723
1720 1722
1720 1724
1721 1723
1721 1725
1722 1724
1722 1726
1723 1725
1723 1727
1724 1726
1724 1728
1725 1727
1725 1729
1726 1728
1726 1730
1727 1729
1727 1731
1728 1730
1728 1732
1729 1731
1729 1733
1730 1732
1730 1734
1731 1733
1731 1735
1732 1734
1732 1736
1733 1735
1733 1737
1734 1736
1734 1738
1735 1737
1735 1739
1736 1738
1736 1740
1737 1739
1737 1741
1738 1740
1738 1742
1739 1741
1739 1743
1740 1742
1740 1744
1741 1743
1741 1745
1742 1744
1742 1746
1743 1745
1743 1747
1744 1746
1744 1748
1745 1747
1745 1749
1746 1748
1746 1750
1747 1749
1747 1751
1748 1750
1748 1752
1749 1751
1749 1753
1750 1752
1750 1754
1751 1753
1751 1755
1752 1754
1752 1756
1753 1755
1753 1757
1754 1756
1754 1758
1755 1757
1755 1759
1756 1758
1756 1760
1757 1759
1757 1761
1758 1760
1758 1762
1759 1761
1759 1763
1760 1762
1760 1764
1761 1763
1761 1765
1762 1764
1762 1766
1763 1765
1763 1767
1764 1766
1764 1768
1765 1767
1765 1769
1766 1768
1766 1770
1767 1769
1767 1771
1768 1770
1768 1772
1769 1771
1769 1773
1770 1772
1770 1774
1771 1773
1771 1775
1772 1774
1772 1776
1773 1775
1773 1777
1774 1776
1774 1778
1775 1777
1775 1779
1776 1778
1776 1780
1777 1779
1777 1781
1778 1780
1778 1782
1779 1781
1779 1783
1780 1782
1780 1784
1781 1783
1781 1785
1782 1784
1782 1786
1783 1785
1783 1787
1784 1786
1784 1788
1785 1787
1785 1789
1786 1788
1786 1790
1787 1789
1787 1791
1788 1790
1788 1792
1789 1791
1789 1793
1790 1792
1790 1794
1791 1793
1791 1795
1792 1794
1792 1796
1793 1795
1793 1797
1794 1796
1794 1798
1795 1797
1795 1799
1796 1798
1796 1800
1797 1799
1797 1801
1798 1800
1798 1802
1799 1801
1799 1803
1800 1802
1800 1804
1801 1803
1801 1805
1802 1804
1802 1806
1803 1805
1803 1807
1804 1806
1804 1808
1805 1807
1805 1809
1806 1808
1806 1810
1807 1809
1807 1811
1808 1810
1808 1812
1809 1811
1809 1813
1810 1812
1810 1814
1811 1813
1811 1815
1812 1814
1812 1816
1813 1815
1813 1817
1814 1816
1814 1818
1815 1817
1815 1819
1816 1818
1816 1820
1817 1819
1817 1821
1818 1820
1818 1822
1819 1821
1819 1823
1820 1822
1820 1824
1821 1823
1821 1825
1822 1824
1822 1826
1823 1825
1823 1827
1824 1826
1824 1828
1825 1827
1825 1829
1826 1828
1826 1830
1827 1829
1827 1831
1828 1830
1828 1832
1829 1831
1829 1833
1830 1832
1830 1834
1831 1833
1831 1835
1832 1834
1832 1836
1833 1835
1833 1837
1834 1836
1834 1838
1835 1837
1835 1839
1836 1838
1836 1840
1837 1839
1837 1841
1838 1840
1838 1842
1839 1841
1839 1843
1840 1842
1840 1844
1841 1843
1841 1845
1842 1844
1842 1846
1843 1845
1843 1847
1844 1846
1844 1848
1845 1847
1845 1849
1846 1848
1846 1850
1847 1849
1847 1851
1848 1850
1848 1852
1849 1851
1849 1853
1850 1852
1850 1854
1851 1853
1851 1855
1852 1854
1852 1856
1853 1855
1853 1857
1854 1856
1854 1858
1855 1857
1855 1859
1856 1858
1856 1860
1857 1859
1857 1861
1858 1860
1858 1862
1859 1861
1859 1863
1860 1862
1860 1864
1861 1863
1861 1865
1862 1864
1862 1866
1863 1865
1863 1867
1864 1866
1864 1868
1865 1867
1865 1869
1866 1868
1866 1870
1867 1869
1867 1871
1868 1870
1868 1872
1869 1871
1869 1873
1870 1872
1870 1874
1871 1873
1871 1875
1872 1874
1872 1876
1873 1875
1873 1877
1874 1876
1874 1878
1875 1877
1875 1879
1876 1878
1876 1880
1877 1879
1877 1881
1878 1880
1878 1882
1879 1881
1879 1883
1880 1882
1880 1884
1881 1883
1881 1885
1882 1884
1882 1886
1883 1885
1883 1887
1884 1886
1884 1888
1885 1887
1885 1889
1886 1888
1886 1890
1887 1889
1887 1891
1888 1890
1888 1892
1889 1891
1889 1893
1890 1892
1890 1894
1891 1893
1891 1895
1892 1894
1892 1896
1893 1895
1893 1897
1894 1896
1894 1898
1895 1897
1895 1899
1896 1898
1896 1900
1897 1899
1897 1901
1898 1900
1898 1902
1899 1901
1899 1903
1900 1902
1900 1904
1901 1903
1901 1905
1902 1904
1902 1906
1903 1905
1903 1907
1904 1906
1904 1908
1905 1907
1905 1909
1906 1908
1906 1910
1907 1909
1907 1911
1908 1910
1908 1912
1909 1911
1909 1913
1910 1912
1910 1914
1911 1913
1911 1915
1912 1914
1912 1916
1913 1915
1913 1917
1914 1916
1914 1918
1915 1917
1915 1919
1916 1918
1916 1920
1917 1919
1917 1921
1918 1920
1918 1922
1919 1921
1919 1923
1920 1922
1920 1924
1921 1923
1921 1925
1922 1924
1922 1926
1923 1925
1923 1927
1924 1926
1924 1928
1925 1927
1925 1929
1926 1928
1926 1930
1927 1929
1927 1931
1928 1930
1928 1932
1929 1931
1929 1933
1930 1932
1930 1934
1931 1933
1931 1935
1932 1934
1932 1936
1933 1935
1933 1937
1934 1936
1934 1938
1935 1937
1935 1939
1936 1938
1936 1940
1937 1939
1937 1941
1938 1940
1938 1942
1939 1941
1939 1943
1940 1942
1940 1944
1941 1943
1941 1945
1942 1944
1942 1946
1943 1945
1943 1947
1944 1946
1944 1948
1945 1947
1945 1949
1946 1948
1946 1950
1947 1949
1947 1951
1948 1950
1948 1952
1949 1951
1949 1953
1950 1952
1950 1954
1951 1953
1951 1955
1952 1954
1952 1956
1953 1955
1953 1957
1954 1956
1954 1958
1955 1957
1955 1959
1956 1958
1956 1960
1957 1959
1957 1961
1958 1960
1958 1962
1959 1961
1959 1963
1960 1962
1960 1964
1961 1963
1961 1965
1962 1964
1962 1966
1963 1965
1963 1967
1964 1966
1964 1968
1965 1967
1965 1969
1966 1968
1966 1970
1967 1969
1967 1971
1968 1970
1968 1972
1969 1971
1969 1973
1970 1972
1970 1974
1971 1973
1971 1975
1972 1974
1972 1976
1973 1975
1973 1977
1974 1976
1974 1978
1975 1977
1975 1979
1976 1978
1976 1980
1977 1979
1977 1981
1978 1980
1978 1982
1979 1981
1979 1983
1980 1982
1980 1984
1981 1983
1981 1985
1982 1984
1982 1986
1983 1985
1983 1987
1984 1986
1984 1988
1985 1987
1985 1989
1986 1988
1986 1990
1987 1989
1987 1991
1988 1990
1988 1992
1989 1991
1989 1993
1990 1992
1990 1994
1991 1993
1991 1995
1992 1994
1992 1996
1993 1995
1993 1997
1994 1996
1994 1998
1995 1997
1995 1999
1996 1998
1996 2000
1997 1999
1997 2001
1998 2000
1998 2002
1999 2001
1999 2003
2000 2002
2000 2004
2001 2003
2001 2005
2002 2004
2002 2006
2003 2005
2003 2007
2004 2006
2004 2008
2005 2007
2005 2009
2006 2008
2006 2010
2007 2009
2007 2011
2008 2010
2008 2012
2009 2011
2009 2013
2010 2012
2010 2014
2011 2013
2011 2015
2012 2014
2012 2016
2013 2015
2013 2017
2014 2016
2014 2018
2015 2017
2015 2019
2016 2018
2016 2020
2017 2019
2017 2021
2018 2020
2018 2022
2019 2021
2019 2023
2020 2022
2020 2024
2021 2023
2021 2025
2022 2024
2022 2026
2023 2025
2023 2027
2024 2026
2024 2028
2025 2027
2025 2029
2026 2028
2026 2030
2027 2029
2027 2031
2028 2030
2028 2032
2029 2031
2029 2033
2030 2032
2030 2034
2031 2033
2031 2035
2032 2034
2032 2036
2033 2035
2033 2037
2034 2036
2034 2038
2035 2037
2035 2039
2036 2038
2036 2040
2037 2039
2037 2041
2038 2040
2038 2042
2039 2041
2039 2043
2040 2042
2040 2044
2041 2043
2041 2045
2042 2044
2042 2046
2043 2045
2043 2047
2044 2046
2044 2048
2045 2047
2045 2049
2046 2048
2046 2050
2047 2049
2047 2051
2048 2050
2048 2052
2049 2051
2049 2053
2050 2052
2051 2053
