1 2
1 3
1 4
1 5
1 6
1 7
1 8
1 9
1 10
1 11
1 12
1 13
1 14
1 15
1 16
1 17
1 18
1 19
1 20
1 21
1 22
1 23
1 24
1 25
1 27
1 28
1 29
1 30
1 31
1 32
1 34
1 35
1 36
1 37
1 38
1 39
1 40
1 41
1 42
1 43
1 46
1 48
1 49
1 50
1 51
1 52
1 54
1 55
1 56
1 57
1 58
1 59
1 60
1 61
1 62
1 63
1 64
1 65
1 66
1 67
1 68
1 72
1 73
1 74
1 75
1 76
1 77
1 78
1 79
1 80
1 81
1 82
1 83
1 84
1 85
1 86
1 87
1 90
1 91
1 92
1 93
1 94
1 95
1 97
1 98
1 99
1 100
1 101
1 104
1 105
1 106
1 107
1 108
1 109
1 110
1 111
1 112
1 113
1 114
1 116
1 120
1 121
1 122
1 123
1 124
1 125
1 127
1 128
1 129
1 130
1 132
1 133
1 135
1 136
1 139
1 141
1 142
1 144
1 145
1 146
1 147
1 148
1 150
1 153
1 154
1 155
1 157
1 160
1 161
1 164
1 165
1 166
1 168
1 169
1 172
1 173
1 176
1 180
1 191
1 195
1 196
1 198
1 200
1 201
1 203
1 204
1 206
1 207
1 208
1 213
1 215
1 216
1 219
1 220
1 221
1 222
1 224
1 225
1 229
1 230
1 232
1 234
1 235
1 237
1 239
1 242
1 244
1 246
1 247
1 248
1 249
1 252
1 253
1 255
1 257
1 258
1 259
1 262
1 265
1 266
1 273
1 277
1 282
1 287
1 289
1 293
1 294
1 299
1 300
1 302
1 303
1 304
1 305
1 306
1 309
1 310
1 314
1 315
1 322
1 324
1 329
1 344
1 350
1 352
1 354
1 357
1 359
1 364
1 365
1 369
1 370
1 371
1 377
1 379
1 382
1 391
1 393
1 395
1 396
1 398
1 403
1 408
1 409
1 411
1 412
1 418
1 427
1 429
1 434
1 439
1 442
1 443
1 444
1 445
1 449
1 455
1 460
1 461
1 463
1 468
1 469
1 470
1 481
1 483
1 491
1 492
1 497
1 502
1 512
1 525
1 529
1 531
1 540
1 545
1 546
1 547
1 561
1 565
1 566
1 567
1 570
1 572
1 577
1 589
1 590
1 591
1 598
1 599
1 606
1 608
1 625
1 637
1 639
1 641
1 642
1 644
1 649
1 661
1 662
1 676
1 679
1 689
1 704
1 709
1 744
1 782
1 807
1 813
1 814
1 817
1 843
1 859
1 897
1 899
1 926
1 953
1 961
1 993
1 999
1 1026
1 1033
1 1076
1 1080
1 1081
1 1082
1 1083
1 1084
1 1085
1 1086
1 1087
1 1088
1 1089
1 1090
1 1091
1 1092
1 1093
1 1094
1 1095
1 1096
1 1097
1 1098
1 1099
1 1100
1 1101
1 1102
1 1103
1 1104
1 1105
1 1106
1 1107
1 1108
1 1109
1 1110
1 1111
1 1112
1 1113
1 1114
1 1115
1 1116
1 1117
1 1118
1 1119
1 1120
1 1121
1 1122
1 1123
1 1124
1 1125
1 1126
1 1127
1 1128
1 1129
1 1130
1 1131
1 1132
1 1133
1 1134
1 1135
1 1136
1 1137
1 1138
1 1139
1 1140
1 1141
2 3
2 4
2 5
2 6
2 7
2 10
2 11
2 12
2 13
2 14
2 15
2 16
2 17
2 18
2 19
2 21
2 22
2 23
2 24
2 25
2 27
2 28
2 29
2 32
2 34
2 35
2 36
2 37
2 38
2 39
2 40
2 41
2 42
2 43
2 46
2 48
2 54
2 55
2 59
2 60
2 61
2 65
2 68
2 71
2 72
2 75
2 76
2 77
2 80
2 81
2 84
2 86
2 87
2 90
2 91
2 92
2 93
2 97
2 98
2 99
2 100
2 101
2 102
2 103
2 104
2 107
2 108
2 110
2 111
2 112
2 113
2 114
2 120
2 121
2 124
2 125
2 129
2 132
2 139
2 140
2 141
2 142
2 150
2 151
2 153
2 154
2 155
2 161
2 164
2 165
2 167
2 169
2 174
2 175
2 176
2 180
2 184
2 185
2 186
2 187
2 190
2 195
2 196
2 200
2 205
2 207
2 214
2 215
2 216
2 219
2 221
2 224
2 225
2 229
2 231
2 232
2 237
2 238
2 240
2 244
2 247
2 248
2 249
2 252
2 253
2 255
2 257
2 258
2 264
2 265
2 266
2 273
2 279
2 280
2 289
2 290
2 291
2 297
2 300
2 305
2 308
2 310
2 311
2 314
2 315
2 316
2 323
2 329
2 339
2 345
2 354
2 357
2 358
2 359
2 365
2 378
2 380
2 388
2 393
2 398
2 412
2 415
2 427
2 434
2 442
2 449
2 458
2 462
2 463
2 468
2 478
2 492
2 497
2 500
2 502
2 507
2 512
2 517
2 525
2 528
2 531
2 540
2 544
2 564
2 565
2 571
2 576
2 578
2 589
2 593
2 598
2 606
2 614
2 630
2 638
2 660
2 704
2 719
2 728
2 737
2 744
2 753
2 780
2 805
2 817
2 865
2 953
2 961
2 968
2 999
2 1035
2 1050
2 1053
2 1084
2 1087
2 1095
2 1105
2 1109
2 1110
2 1114
2 1122
2 1123
2 1135
2 1142
2 1143
2 1144
2 1145
2 1146
2 1147
2 1148
2 1149
2 1150
2 1151
2 1152
2 1153
2 1154
2 1155
2 1156
2 1157
2 1158
2 1159
2 1160
2 1161
2 1162
2 1163
2 1164
2 1165
2 1166
2 1167
2 1168
2 1169
2 1170
2 1171
3 4
3 5
3 6
3 9
3 10
3 13
3 14
3 15
3 16
3 18
3 19
3 21
3 22
3 23
3 24
3 25
3 27
3 29
3 32
3 34
3 36
3 37
3 38
3 42
3 43
3 45
3 46
3 47
3 48
3 54
3 55
3 59
3 60
3 61
3 64
3 65
3 66
3 67
3 68
3 71
3 74
3 75
3 81
3 82
3 84
3 86
3 90
3 92
3 93
3 97
3 99
3 100
3 101
3 107
3 108
3 110
3 111
3 112
3 113
3 120
3 121
3 123
3 124
3 125
3 126
3 128
3 133
3 141
3 148
3 153
3 154
3 155
3 158
3 159
3 166
3 167
3 168
3 169
3 192
3 200
3 206
3 207
3 214
3 221
3 224
3 225
3 229
3 230
3 231
3 232
3 237
3 243
3 249
3 253
3 257
3 264
3 265
3 266
3 269
3 270
3 273
3 278
3 279
3 281
3 291
3 304
3 308
3 311
3 315
3 318
3 319
3 320
3 321
3 325
3 329
3 330
3 339
3 348
3 354
3 357
3 359
3 366
3 369
3 370
3 376
3 380
3 404
3 408
3 429
3 433
3 434
3 439
3 449
3 458
3 462
3 463
3 480
3 493
3 512
3 518
3 525
3 529
3 567
3 568
3 591
3 592
3 598
3 606
3 649
3 660
3 662
3 677
3 686
3 689
3 706
3 724
3 744
3 772
3 777
3 793
3 831
3 917
3 928
3 959
3 1026
3 1041
3 1089
3 1091
3 1099
3 1105
3 1133
3 1134
3 1146
3 1154
3 1155
3 1166
3 1172
3 1173
3 1174
3 1175
3 1176
3 1177
3 1178
3 1179
3 1180
3 1181
3 1182
3 1183
3 1184
3 1185
3 1186
3 1187
3 1188
3 1189
3 1190
3 1191
3 1192
3 1193
3 1194
3 1195
4 5
4 6
4 7
4 8
4 9
4 10
4 11
4 12
4 13
4 14
4 15
4 16
4 17
4 18
4 19
4 20
4 22
4 24
4 25
4 27
4 28
4 29
4 30
4 31
4 32
4 34
4 35
4 37
4 38
4 39
4 41
4 42
4 43
4 46
4 51
4 55
4 58
4 60
4 61
4 62
4 63
4 64
4 65
4 66
4 73
4 74
4 75
4 78
4 82
4 84
4 87
4 90
4 96
4 98
4 99
4 104
4 108
4 109
4 110
4 111
4 114
4 115
4 116
4 117
4 118
4 120
4 121
4 123
4 126
4 127
4 132
4 133
4 141
4 142
4 145
4 148
4 149
4 150
4 160
4 161
4 167
4 168
4 174
4 176
4 177
4 178
4 183
4 184
4 188
4 196
4 198
4 200
4 205
4 206
4 208
4 211
4 214
4 219
4 224
4 225
4 226
4 230
4 236
4 241
4 243
4 245
4 247
4 248
4 249
4 260
4 266
4 267
4 277
4 278
4 281
4 282
4 284
4 290
4 291
4 298
4 310
4 311
4 315
4 316
4 317
4 331
4 343
4 356
4 364
4 366
4 371
4 372
4 378
4 388
4 409
4 412
4 415
4 421
4 431
4 443
4 444
4 445
4 450
4 466
4 470
4 472
4 499
4 528
4 538
4 557
4 567
4 571
4 578
4 599
4 603
4 617
4 638
4 649
4 658
4 660
4 661
4 689
4 699
4 700
4 704
4 719
4 737
4 738
4 745
4 754
4 780
4 798
4 799
4 831
4 842
4 844
4 859
4 863
4 882
4 917
4 944
4 945
4 980
4 988
4 999
4 1035
4 1088
4 1091
4 1098
4 1099
4 1103
4 1107
4 1112
4 1137
4 1148
4 1153
4 1164
4 1196
4 1197
4 1198
4 1199
4 1200
4 1201
4 1202
4 1203
4 1204
4 1205
4 1206
4 1207
4 1208
4 1209
4 1210
4 1211
4 1212
4 1213
4 1214
4 1215
4 1216
5 10
5 17
5 18
5 19
5 20
5 23
5 24
5 25
5 28
5 29
5 35
5 37
5 38
5 42
5 45
5 51
5 55
5 58
5 66
5 74
5 75
5 87
5 99
5 108
5 110
5 123
5 126
5 127
5 129
5 132
5 142
5 150
5 164
5 176
5 177
5 178
5 183
5 188
5 214
5 217
5 219
5 221
5 225
5 239
5 248
5 260
5 265
5 267
5 269
5 270
5 277
5 278
5 284
5 306
5 307
5 310
5 311
5 317
5 335
5 343
5 356
5 364
5 371
5 378
5 382
5 409
5 415
5 443
5 444
5 450
5 471
5 472
5 480
5 482
5 483
5 555
5 557
5 567
5 659
5 683
5 699
5 817
5 873
5 972
5 1033
5 1083
5 1088
5 1099
5 1104
5 1198
5 1202
5 1205
5 1217
5 1218
5 1219
5 1220
5 1221
5 1222
5 1223
6 7
6 9
6 10
6 11
6 12
6 13
6 15
6 16
6 18
6 21
6 22
6 24
6 26
6 29
6 31
6 34
6 35
6 37
6 39
6 40
6 42
6 49
6 50
6 52
6 53
6 55
6 56
6 62
6 64
6 67
6 73
6 75
6 78
6 79
6 80
6 107
6 108
6 114
6 115
6 116
6 122
6 130
6 131
6 135
6 136
6 139
6 140
6 164
6 172
6 194
6 199
6 201
6 203
6 213
6 215
6 216
6 225
6 235
6 238
6 245
6 246
6 265
6 273
6 277
6 280
6 284
6 350
6 361
6 374
6 409
6 412
6 431
6 491
6 492
6 577
6 618
6 639
6 667
6 679
6 697
6 817
6 901
6 1083
6 1109
6 1110
6 1120
6 1125
6 1224
6 1225
6 1226
6 1227
6 1228
6 1229
7 10
7 13
7 16
7 18
7 19
7 21
7 27
7 31
7 42
7 55
7 62
7 73
7 79
7 80
7 108
7 111
7 114
7 115
7 122
7 126
7 135
7 136
7 155
7 164
7 172
7 174
7 199
7 235
7 238
7 245
7 246
7 273
7 284
7 306
7 350
7 357
7 392
7 483
7 507
7 546
7 639
7 667
7 1050
7 1053
7 1083
7 1096
7 1224
7 1225
7 1230
7 1231
8 9
8 11
8 13
8 15
8 18
8 26
8 33
8 34
8 44
8 45
8 47
8 116
8 126
8 194
8 198
8 202
8 220
8 312
8 313
8 318
8 319
8 332
8 381
8 554
8 572
8 636
8 674
8 675
8 900
8 1008
8 1032
8 1061
8 1112
8 1232
8 1233
8 1234
8 1235
8 1236
8 1237
8 1238
8 1239
8 1240
8 1241
8 1242
8 1243
8 1244
8 1245
9 11
9 12
9 13
9 18
9 24
9 26
9 33
9 34
9 44
9 45
9 47
9 60
9 116
9 126
9 134
9 156
9 181
9 182
9 194
9 197
9 198
9 202
9 220
9 268
9 269
9 306
9 307
9 312
9 313
9 318
9 319
9 361
9 381
9 400
9 447
9 487
9 537
9 555
9 563
9 572
9 577
9 647
9 674
9 675
9 1008
9 1032
9 1112
9 1173
9 1232
9 1233
9 1235
9 1237
9 1238
9 1239
9 1241
9 1242
9 1244
9 1245
9 1246
9 1247
9 1248
9 1249
9 1250
10 11
10 12
10 13
10 14
10 15
10 16
10 17
10 18
10 19
10 21
10 22
10 23
10 24
10 25
10 27
10 29
10 30
10 34
10 35
10 36
10 37
10 38
10 40
10 42
10 49
10 50
10 53
10 54
10 55
10 57
10 61
10 68
10 81
10 84
10 93
10 94
10 102
10 104
10 105
10 107
10 108
10 114
10 122
10 125
10 129
10 147
10 157
10 158
10 159
10 162
10 164
10 172
10 173
10 180
10 192
10 196
10 199
10 201
10 203
10 204
10 212
10 222
10 235
10 246
10 265
10 277
10 280
10 306
10 322
10 323
10 329
10 355
10 359
10 388
10 396
10 409
10 418
10 423
10 424
10 427
10 429
10 430
10 461
10 470
10 482
10 518
10 528
10 555
10 597
10 600
10 616
10 639
10 679
10 705
10 731
10 747
10 817
10 933
10 1002
10 1081
10 1083
10 1097
10 1124
10 1172
10 1203
10 1224
10 1251
10 1252
10 1253
10 1254
10 1255
10 1256
10 1257
10 1258
10 1259
11 12
11 13
11 15
11 17
11 18
11 21
11 34
11 42
11 54
11 57
11 76
11 77
11 88
11 99
11 107
11 119
11 146
11 161
11 162
11 163
11 172
11 203
11 220
11 243
11 272
11 275
11 278
11 362
11 394
11 399
11 409
11 411
11 416
11 420
11 425
11 438
11 440
11 477
11 514
11 515
11 527
11 569
11 630
11 1102
11 1260
11 1261
11 1262
12 13
12 14
12 17
12 18
12 34
12 42
12 54
12 57
12 76
12 77
12 88
12 107
12 119
12 161
12 180
12 220
12 272
12 399
12 416
12 425
12 438
12 440
12 536
12 1102
12 1261
12 1262
13 16
13 18
13 19
13 23
13 27
13 31
13 34
13 37
13 39
13 40
13 42
13 57
13 76
13 85
13 90
13 95
13 99
13 107
13 108
13 114
13 119
13 128
13 129
13 130
13 147
13 152
13 161
13 173
13 180
13 195
13 198
13 204
13 220
13 221
13 247
13 272
13 296
13 299
13 399
13 406
13 416
13 425
13 455
13 998
13 1082
13 1102
13 1108
13 1116
13 1262
13 1263
13 1264
13 1265
13 1266
13 1267
14 18
14 22
14 23
14 27
14 30
14 41
14 43
14 46
14 59
14 74
14 75
14 80
14 84
14 91
14 104
14 120
14 121
14 123
14 124
14 147
14 153
14 169
14 213
14 221
14 224
14 242
14 291
14 315
14 380
14 442
14 468
14 606
14 637
14 809
14 831
14 877
14 954
14 1099
14 1138
14 1148
14 1172
14 1268
14 1269
15 23
15 29
15 36
15 37
15 46
15 48
15 54
15 61
15 67
15 68
15 69
15 70
15 71
15 72
15 77
15 81
15 83
15 86
15 89
15 90
15 92
15 93
15 100
15 102
15 108
15 151
15 167
15 186
15 187
15 196
15 205
15 231
15 232
15 244
15 279
15 287
15 289
15 308
15 383
15 388
15 408
15 412
15 429
15 439
15 488
15 512
15 558
15 593
15 665
15 666
15 677
15 752
15 822
15 1006
15 1128
15 1142
15 1143
15 1159
15 1179
15 1186
15 1270
15 1271
15 1272
15 1273
15 1274
15 1275
16 17
16 22
16 25
16 34
16 68
16 99
16 107
16 162
16 163
16 203
16 212
16 355
16 424
16 427
16 470
16 565
16 729
16 749
16 775
16 832
16 987
16 1031
16 1083
16 1251
16 1252
16 1276
16 1277
17 19
17 20
17 22
17 23
17 24
17 27
17 29
17 35
17 37
17 38
17 41
17 55
17 57
17 68
17 80
17 91
17 99
17 108
17 110
17 117
17 119
17 127
17 132
17 146
17 150
17 167
17 176
17 196
17 217
17 219
17 225
17 239
17 242
17 247
17 255
17 265
17 277
17 281
17 300
17 335
17 344
17 346
17 365
17 379
17 396
17 421
17 427
17 428
17 439
17 440
17 446
17 461
17 463
17 466
17 512
17 540
17 576
17 586
17 657
17 661
17 708
17 807
17 865
17 885
17 933
17 953
17 973
17 1011
17 1083
17 1097
17 1098
17 1099
17 1104
17 1114
17 1126
17 1127
17 1147
17 1168
17 1170
17 1198
17 1201
17 1205
17 1257
17 1278
17 1279
17 1280
17 1281
17 1282
17 1283
17 1284
17 1285
17 1286
18 20
18 22
18 23
18 29
18 30
18 31
18 45
18 75
18 91
18 99
18 122
18 124
18 130
18 146
18 158
18 159
18 164
18 219
18 221
18 229
18 242
18 248
18 267
18 430
18 507
18 728
18 1094
18 1117
18 1124
18 1154
19 20
19 22
19 24
19 25
19 27
19 28
19 29
19 31
19 34
19 35
19 38
19 39
19 41
19 42
19 55
19 63
19 68
19 73
19 74
19 75
19 78
19 84
19 85
19 91
19 104
19 114
19 128
19 129
19 132
19 151
19 164
19 165
19 169
19 176
19 177
19 195
19 214
19 219
19 221
19 225
19 232
19 247
19 248
19 253
19 264
19 277
19 289
19 291
19 310
19 311
19 326
19 336
19 337
19 339
19 368
19 382
19 410
19 442
19 443
19 444
19 449
19 480
19 483
19 604
19 606
19 659
19 683
19 685
19 686
19 693
19 721
19 723
19 755
19 756
19 760
19 776
19 777
19 808
19 818
19 839
19 894
19 924
19 967
19 1036
19 1083
19 1107
19 1109
19 1111
19 1150
19 1155
19 1177
19 1220
19 1287
19 1288
19 1289
19 1290
19 1291
19 1292
19 1293
19 1294
19 1295
20 22
20 28
20 29
20 34
20 58
20 72
20 74
20 75
20 77
20 82
20 96
20 102
20 103
20 111
20 127
20 142
20 151
20 164
20 176
20 177
20 184
20 188
20 212
20 213
20 217
20 221
20 253
20 260
20 291
20 380
20 382
20 417
20 431
20 472
20 480
20 488
20 522
20 523
20 532
20 548
20 615
20 689
20 715
20 885
20 937
20 1033
20 1060
20 1083
20 1197
20 1198
20 1216
20 1281
20 1296
20 1297
20 1298
20 1299
21 24
21 27
21 29
21 31
21 34
21 42
21 52
21 56
21 67
21 99
21 135
21 139
21 140
21 147
21 155
21 164
21 166
21 180
21 207
21 214
21 221
21 225
21 229
21 252
21 265
21 273
21 277
21 304
21 305
21 329
21 357
21 411
21 427
21 434
21 481
21 504
21 565
21 608
21 926
21 953
21 1090
21 1102
21 1135
21 1270
21 1300
22 25
22 30
22 32
22 37
22 38
22 41
22 51
22 60
22 63
22 64
22 75
22 84
22 90
22 99
22 102
22 104
22 108
22 111
22 123
22 133
22 142
22 165
22 167
22 184
22 196
22 206
22 208
22 212
22 213
22 215
22 216
22 217
22 225
22 242
22 243
22 273
22 311
22 327
22 329
22 359
22 372
22 376
22 424
22 439
22 470
22 499
22 510
22 578
22 591
22 598
22 677
22 690
22 707
22 1089
22 1105
22 1136
22 1154
22 1172
22 1184
22 1196
22 1200
22 1211
22 1215
22 1269
22 1301
22 1302
22 1303
22 1304
22 1305
23 27
23 32
23 35
23 41
23 43
23 46
23 48
23 54
23 57
23 59
23 60
23 81
23 90
23 99
23 104
23 112
23 113
23 120
23 121
23 124
23 125
23 126
23 141
23 161
23 169
23 176
23 196
23 219
23 221
23 249
23 255
23 287
23 300
23 315
23 324
23 360
23 391
23 393
23 396
23 462
23 470
23 497
23 544
23 640
23 717
23 815
23 1093
23 1099
23 1123
23 1128
23 1130
23 1145
23 1150
23 1265
23 1306
23 1307
24 27
24 28
24 29
24 31
24 34
24 35
24 37
24 38
24 39
24 40
24 45
24 49
24 50
24 52
24 53
24 60
24 67
24 75
24 82
24 105
24 106
24 107
24 114
24 126
24 128
24 129
24 130
24 164
24 165
24 167
24 180
24 191
24 195
24 203
24 221
24 222
24 265
24 266
24 271
24 278
24 310
24 311
24 328
24 329
24 330
24 344
24 364
24 365
24 415
24 454
24 529
24 559
24 597
24 679
24 699
24 700
24 703
24 870
24 960
24 1023
24 1040
24 1066
24 1081
24 1083
24 1090
24 1109
24 1118
24 1120
24 1137
24 1193
24 1308
24 1309
24 1310
24 1311
24 1312
24 1313
24 1314
25 27
25 28
25 38
25 42
25 51
25 55
25 63
25 64
25 66
25 75
25 82
25 87
25 96
25 99
25 108
25 109
25 111
25 114
25 142
25 145
25 177
25 183
25 184
25 200
25 206
25 211
25 225
25 230
25 243
25 244
25 266
25 278
25 379
25 437
25 445
25 446
25 470
25 517
25 668
25 703
25 732
25 754
25 812
25 1197
25 1301
25 1315
25 1316
27 29
27 31
27 32
27 34
27 35
27 38
27 40
27 41
27 42
27 43
27 46
27 52
27 54
27 56
27 57
27 59
27 60
27 65
27 73
27 75
27 78
27 90
27 99
27 102
27 125
27 128
27 129
27 146
27 147
27 153
27 160
27 164
27 165
27 176
27 191
27 195
27 221
27 222
27 224
27 232
27 234
27 243
27 247
27 248
27 266
27 277
27 282
27 289
27 302
27 315
27 351
27 395
27 424
27 437
27 445
27 462
27 469
27 476
27 531
27 544
27 552
27 566
27 567
27 571
27 580
27 638
27 663
27 685
27 686
27 694
27 697
27 796
27 809
27 816
27 908
27 925
27 963
27 1017
27 1070
27 1144
27 1150
27 1152
27 1320
27 1321
27 1322
27 1323
27 1324
27 1325
27 1326
27 1327
28 29
28 35
28 42
28 51
28 66
28 87
28 96
28 132
28 178
28 225
28 317
28 343
28 364
28 437
28 442
28 704
28 812
28 1289
28 1313
28 1316
29 31
29 34
29 35
29 39
29 40
29 46
29 52
29 53
29 54
29 63
29 67
29 73
29 75
29 78
29 107
29 120
29 128
29 129
29 131
29 147
29 160
29 164
29 165
29 170
29 195
29 213
29 215
29 222
29 245
29 247
29 254
29 255
29 271
29 274
29 275
29 276
29 289
29 308
29 311
29 324
29 328
29 344
29 347
29 355
29 358
29 359
29 378
29 391
29 431
29 442
29 454
29 476
29 500
29 571
29 580
29 596
29 614
29 620
29 640
29 657
29 686
29 693
29 710
29 720
29 761
29 780
29 796
29 804
29 843
29 921
29 962
29 1001
29 1017
29 1048
29 1113
29 1188
29 1251
29 1289
29 1302
29 1308
29 1312
29 1320
29 1323
29 1328
29 1329
29 1330
29 1331
29 1332
29 1333
29 1334
29 1335
29 1336
30 48
30 75
30 91
30 123
30 124
30 221
30 242
30 637
30 1268
30 1269
31 35
31 37
31 39
31 40
31 56
31 62
31 67
31 73
31 79
31 80
31 107
31 111
31 115
31 122
31 142
31 164
31 174
31 177
31 183
31 199
31 213
31 246
31 289
31 290
31 291
31 301
31 322
31 366
31 392
31 445
31 483
31 534
31 546
31 676
31 813
31 814
31 897
31 998
31 1131
31 1231
31 1266
31 1337
32 37
32 38
32 41
32 48
32 63
32 65
32 84
32 98
32 99
32 104
32 108
32 124
32 141
32 161
32 247
32 253
32 259
32 290
32 309
32 354
32 417
32 458
32 492
32 538
32 606
32 660
32 1098
32 1101
32 1146
32 1338
32 1339
34 35
34 39
34 40
34 50
34 52
34 53
34 60
34 67
34 72
34 75
34 76
34 78
34 83
34 85
34 107
34 114
34 116
34 126
34 128
34 129
34 130
34 147
34 148
34 152
34 164
34 165
34 170
34 192
34 194
34 198
34 204
34 220
34 221
34 247
34 254
34 255
34 274
34 275
34 276
34 299
34 306
34 339
34 347
34 355
34 359
34 406
34 417
34 476
34 544
34 565
34 577
34 580
34 712
34 715
34 722
34 746
34 823
34 856
34 892
34 903
34 930
34 942
34 1001
34 1109
34 1251
34 1252
34 1320
34 1331
34 1335
34 1341
34 1342
34 1343
34 1344
35 37
35 38
35 39
35 40
35 48
35 49
35 50
35 52
35 53
35 54
35 57
35 60
35 67
35 73
35 75
35 78
35 82
35 99
35 105
35 106
35 107
35 112
35 128
35 131
35 161
35 164
35 165
35 170
35 176
35 213
35 216
35 222
35 230
35 254
35 255
35 265
35 271
35 274
35 275
35 276
35 314
35 328
35 329
35 344
35 347
35 364
35 439
35 442
35 454
35 504
35 559
35 567
35 590
35 596
35 618
35 640
35 643
35 657
35 658
35 710
35 826
35 827
35 930
35 1081
35 1083
35 1093
35 1115
35 1121
35 1129
35 1214
35 1289
35 1308
35 1312
35 1330
35 1332
35 1345
35 1346
35 1347
36 37
36 48
36 61
36 68
36 81
36 86
36 102
36 108
36 187
36 225
36 231
36 232
36 244
36 264
36 289
36 291
36 308
36 336
36 348
36 357
36 463
36 476
36 479
36 518
36 544
36 592
36 593
36 1143
36 1151
36 1159
36 1348
37 38
37 48
37 49
37 50
37 57
37 59
37 67
37 71
37 72
37 75
37 94
37 95
37 105
37 107
37 108
37 117
37 157
37 158
37 159
37 172
37 180
37 201
37 203
37 221
37 222
37 259
37 277
37 281
37 304
37 310
37 331
37 344
37 363
37 426
37 461
37 463
37 466
37 470
37 506
37 519
37 564
37 591
37 608
37 618
37 648
37 692
37 769
37 934
37 971
37 1076
37 1080
37 1092
37 1098
37 1108
37 1111
37 1154
37 1202
37 1311
37 1349
37 1350
37 1351
37 1352
37 1353
37 1354
38 49
38 50
38 52
38 53
38 66
38 78
38 105
38 106
38 108
38 117
38 133
38 167
38 180
38 200
38 222
38 230
38 277
38 278
38 281
38 298
38 344
38 364
38 463
38 466
38 559
38 591
38 699
38 700
38 754
38 842
38 1081
38 1084
38 1089
38 1098
38 1129
38 1154
38 1203
38 1284
39 40
39 50
39 52
39 53
39 55
39 67
39 73
39 75
39 76
39 106
39 107
39 115
39 123
39 128
39 152
39 165
39 195
39 210
39 213
39 271
39 364
39 422
39 454
39 499
39 564
39 703
39 771
39 912
39 955
39 1077
39 1208
39 1308
39 1345
39 1355
39 1356
39 1357
39 1358
40 49
40 50
40 52
40 53
40 67
40 73
40 75
40 76
40 85
40 107
40 114
40 115
40 128
40 129
40 135
40 136
40 160
40 164
40 165
40 195
40 213
40 233
40 234
40 247
40 271
40 284
40 294
40 314
40 350
40 377
40 426
40 454
40 513
40 1087
40 1308
40 1357
40 1359
40 1360
41 48
41 75
41 80
41 84
41 91
41 98
41 151
41 161
41 165
41 214
41 224
41 248
41 249
41 255
41 291
41 303
41 351
41 540
41 590
41 660
41 696
41 904
41 1148
41 1150
41 1361
42 55
42 60
42 82
42 88
42 96
42 107
42 132
42 139
42 140
42 160
42 162
42 165
42 178
42 199
42 229
42 280
42 304
42 325
42 339
42 350
42 357
42 362
42 371
42 399
42 434
42 466
42 528
42 548
42 553
42 600
42 624
42 909
42 959
42 980
42 1017
42 1050
42 1053
42 1076
42 1135
42 1144
42 1149
42 1160
42 1182
42 1213
42 1253
42 1323
42 1362
42 1363
43 59
43 65
43 104
43 121
43 124
43 125
43 153
43 221
43 229
43 232
43 329
43 468
43 529
43 821
43 882
43 1194
43 1207
43 1364
46 48
46 54
46 59
46 90
46 92
46 93
46 96
46 97
46 120
46 121
46 148
46 169
46 192
46 193
46 195
46 209
46 218
46 219
46 224
46 229
46 232
46 247
46 253
46 334
46 429
46 451
46 462
46 539
46 552
46 614
46 706
46 745
46 796
46 844
46 877
46 902
46 954
46 1130
46 1368
48 65
48 91
48 98
48 104
48 124
48 141
48 161
48 176
48 248
48 249
48 289
48 303
48 354
48 393
48 567
48 637
48 1093
48 1099
48 1338
49 50
49 52
49 53
49 105
49 106
49 131
49 203
49 315
49 328
49 329
49 344
49 423
49 426
49 434
49 543
49 549
49 553
49 559
49 564
49 648
49 703
49 725
49 726
49 1081
49 1092
49 1310
49 1312
49 1345
49 1350
49 1376
49 1377
49 1378
49 1379
49 1380
50 52
50 53
50 105
50 106
50 107
50 131
50 203
50 216
50 328
50 344
50 543
50 549
50 553
50 596
50 1081
50 1092
50 1310
50 1312
50 1345
50 1350
50 1377
51 55
51 66
51 82
51 87
51 96
51 109
51 142
51 177
51 183
51 184
51 225
51 278
51 437
51 668
51 754
51 868
51 1301
51 1381
52 53
52 67
52 78
52 105
52 106
52 107
52 128
52 131
52 164
52 165
52 245
52 247
52 271
52 328
52 329
52 344
52 364
52 431
52 454
52 567
52 571
52 596
52 640
52 643
52 657
52 1009
52 1308
52 1333
52 1345
52 1382
54 60
54 81
54 92
54 93
54 97
54 112
54 120
54 165
54 196
54 218
54 219
54 229
54 257
54 287
54 315
54 322
54 323
54 324
54 329
54 357
54 359
54 388
54 391
54 396
54 409
54 439
54 461
54 482
54 485
54 497
54 590
54 616
54 705
54 706
54 843
54 1113
54 1115
54 1128
54 1130
54 1139
54 1383
55 58
55 74
55 75
55 81
55 87
55 99
55 177
55 217
55 233
55 248
55 265
55 267
55 277
55 344
55 382
55 428
55 567
55 807
55 978
55 1204
55 1222
55 1384
56 67
56 107
56 135
56 139
56 140
56 154
56 164
56 213
56 504
56 608
56 697
56 1228
56 1270
56 1300
57 77
57 107
57 108
57 119
57 180
57 210
57 221
57 223
57 250
57 261
57 263
57 272
57 277
57 278
57 334
57 335
57 337
57 349
57 350
57 390
57 397
57 398
57 402
57 419
57 575
57 576
57 678
57 954
57 1085
57 1350
57 1351
57 1385
57 1386
57 1387
58 84
58 118
58 183
58 188
58 217
58 236
58 266
58 284
58 331
58 335
58 401
58 538
58 617
58 658
58 681
58 692
58 745
58 1107
58 1223
58 1388
58 1389
59 65
59 98
59 99
59 120
59 121
59 124
59 125
59 141
59 153
59 169
59 191
59 203
59 237
59 249
59 259
59 309
59 329
59 368
59 379
59 468
59 492
59 525
59 594
59 606
59 685
59 724
59 745
59 877
59 954
59 971
59 979
59 1353
59 1384
59 1390
26 60
33 60
45 60
60 112
60 116
60 126
60 134
60 156
60 165
60 167
60 194
60 220
60 268
60 306
60 307
60 330
60 400
60 439
60 537
60 572
60 577
60 590
60 647
60 750
60 751
60 785
60 870
60 909
60 1115
60 1193
60 1196
60 1248
60 1249
60 1391
60 1392
60 1393
60 1394
61 68
61 81
61 86
61 125
61 186
61 187
61 192
61 231
61 323
61 518
61 686
61 793
61 1183
62 73
62 79
62 80
62 111
62 115
62 122
62 142
62 164
62 174
62 183
62 199
62 205
62 245
62 246
62 290
62 291
62 431
62 603
62 1231
63 64
63 74
63 111
63 123
63 142
63 145
63 148
63 184
63 206
63 215
63 253
63 284
63 289
63 290
63 308
63 311
63 417
63 451
63 492
63 500
63 538
63 560
63 561
63 571
63 578
63 648
63 720
63 761
63 776
63 815
63 845
63 861
63 863
63 864
63 921
63 1151
63 1206
63 1291
63 1362
63 1395
63 1396
63 1397
63 1398
64 104
64 111
64 123
64 142
64 145
64 184
64 206
64 236
64 311
64 352
64 404
64 531
64 578
64 849
64 1063
64 1206
64 1399
64 1400
65 98
65 124
65 141
65 153
65 176
65 237
65 248
65 249
65 354
65 358
65 359
65 393
65 1156
65 1338
65 1390
66 82
66 96
66 109
66 183
66 225
66 243
66 278
66 437
66 812
66 1316
67 75
67 86
67 107
67 135
67 161
67 164
67 166
67 196
67 221
67 225
67 259
67 265
67 271
67 365
67 454
67 504
67 608
67 618
67 648
67 703
67 715
67 1167
67 1270
67 1300
67 1308
67 1311
68 71
68 72
68 81
68 86
68 100
68 101
68 102
68 104
68 125
68 151
68 154
68 186
68 187
68 207
68 232
68 244
68 264
68 289
68 291
68 336
68 348
68 357
68 368
68 410
68 412
68 427
68 430
68 449
68 548
68 593
68 599
68 680
68 705
68 714
68 765
68 784
68 844
68 1254
68 1256
68 1295
68 1362
68 1401
68 1402
68 1403
68 1404
71 72
72 77
72 81
72 83
72 91
72 102
72 103
72 108
72 148
72 151
72 154
72 164
72 186
72 187
72 225
72 241
72 244
72 289
72 336
72 339
72 410
72 449
72 476
72 488
72 492
72 505
72 525
72 529
72 532
72 714
72 744
72 752
72 1271
72 1403
72 1406
72 1407
73 107
73 200
73 205
73 212
73 213
73 392
73 431
73 500
73 603
73 614
73 1408
74 214
74 217
74 221
74 224
74 248
74 265
74 356
74 380
74 382
74 443
74 576
74 629
74 776
74 831
74 972
74 1107
74 1202
74 1291
74 1409
75 85
75 99
75 124
75 128
75 160
75 164
75 165
75 195
75 221
75 299
75 303
75 352
75 414
75 431
75 462
75 469
75 533
75 540
75 588
75 590
75 594
75 618
75 842
75 1088
75 1144
75 1227
75 1410
75 1411
76 85
76 88
76 119
76 128
76 129
76 130
76 152
76 195
76 247
76 589
76 1263
71 77
77 83
77 88
77 91
77 102
77 103
77 151
77 162
77 225
77 244
77 289
77 290
77 339
77 399
77 410
77 438
77 451
77 464
77 465
77 476
77 488
77 517
77 524
77 532
77 536
77 541
77 552
77 595
77 605
77 614
77 635
77 677
77 752
77 1159
77 1260
77 1271
77 1406
77 1412
77 1413
53 78
78 131
78 164
78 170
78 195
78 211
78 230
78 254
78 255
78 274
78 275
78 276
78 277
78 314
78 344
78 347
78 364
78 455
78 504
78 657
78 699
78 700
78 710
78 754
78 842
78 894
78 1312
78 1330
78 1332
78 1414
79 80
79 122
79 174
79 199
79 246
79 1231
80 91
80 122
80 174
80 177
80 199
80 242
80 246
80 247
80 540
80 549
80 651
80 652
80 663
80 783
80 916
80 1025
80 1231
80 1415
81 102
81 125
81 192
81 221
81 339
81 359
81 383
81 388
81 404
81 525
81 544
81 744
81 1176
81 1258
81 1274
81 1416
82 109
82 111
82 118
82 142
82 145
82 168
82 184
82 211
82 224
82 226
82 243
82 316
82 327
82 364
82 437
82 528
82 599
82 638
82 689
82 738
82 754
82 878
82 1197
82 1417
71 83
83 91
83 96
83 102
83 103
83 141
83 148
83 151
83 186
83 187
83 225
83 291
83 336
83 473
83 476
83 517
83 560
83 715
84 147
84 224
84 284
84 291
84 442
84 649
84 658
84 745
84 1105
84 1133
84 1148
85 119
85 130
85 165
85 299
85 589
85 1267
69 86
70 86
86 89
86 100
86 196
86 231
86 1142
86 1179
86 1187
86 1272
87 132
87 177
87 178
87 217
87 225
87 364
87 437
87 683
87 704
90 462
90 567
90 1091
90 1186
91 124
91 151
91 214
91 219
91 242
91 247
91 248
91 255
91 540
92 93
92 97
92 120
92 121
92 169
92 192
93 97
93 120
93 121
93 169
93 192
93 429
94 95
94 105
94 157
94 203
94 273
94 455
94 507
94 543
94 549
94 553
94 608
94 644
94 1080
94 1202
94 1203
95 105
95 157
95 203
95 455
95 507
95 608
95 644
95 1080
95 1202
97 229
97 485
98 124
98 141
98 176
98 237
98 248
98 281
98 354
98 393
98 492
98 531
98 637
98 904
98 1199
98 1338
98 1361
98 1390
98 1418
99 124
99 146
99 153
99 167
99 214
99 229
99 296
99 365
99 512
99 571
99 661
99 728
99 729
99 1260
99 1278
99 1384
100 101
100 154
100 155
100 167
100 205
100 252
100 253
100 329
100 408
100 463
100 1095
100 1142
100 1405
101 144
101 154
101 155
101 205
101 252
101 408
101 429
101 1013
101 1142
101 1405
101 1419
101 1420
101 1421
70 104
102 104
104 111
104 113
104 115
104 121
104 124
104 141
104 144
104 154
104 155
104 176
104 177
104 188
104 205
104 209
104 232
104 236
104 238
104 244
104 248
104 253
104 258
104 264
104 285
104 286
104 289
104 339
104 351
104 352
104 354
104 404
104 408
104 412
104 443
104 453
104 460
104 478
104 497
104 500
104 531
104 538
104 539
104 541
104 542
104 544
104 547
104 570
104 571
104 614
104 741
104 744
104 808
104 849
104 899
104 1119
104 1123
104 1187
104 1197
104 1254
104 1399
104 1405
104 1424
104 1425
104 1426
105 106
105 108
105 222
105 328
105 564
105 1081
105 1116
105 1312
105 1350
105 1354
106 230
106 328
106 559
106 564
106 571
106 648
106 703
106 886
106 918
106 1081
106 1084
106 1116
106 1354
53 107
88 107
107 147
107 159
107 162
107 163
107 164
107 170
107 171
107 173
107 179
107 190
107 213
107 221
107 240
107 261
107 278
107 296
107 297
107 314
107 330
107 345
107 346
107 362
107 390
107 399
107 403
107 406
107 411
107 419
107 425
107 438
107 439
107 463
107 490
107 508
107 527
107 565
107 616
107 648
107 678
107 1110
107 1158
107 1260
107 1264
107 1311
71 108
108 157
108 164
108 172
108 180
108 210
108 223
108 277
108 334
108 335
108 349
108 350
108 357
108 373
108 387
108 413
108 419
108 463
108 470
108 534
108 575
108 576
108 607
108 639
108 1100
108 1427
96 109
109 110
109 118
109 150
109 178
109 205
109 211
109 226
109 437
109 528
109 567
109 704
109 754
110 118
110 150
110 178
110 206
110 300
110 354
110 371
110 396
110 421
110 427
110 534
110 720
110 925
110 933
110 961
110 1011
110 1114
110 1147
110 1428
111 121
111 123
111 142
111 145
111 146
111 168
111 174
111 183
111 184
111 188
111 206
111 232
111 244
111 285
111 291
111 311
111 336
111 529
111 541
111 544
111 571
111 578
111 686
111 715
111 782
111 831
111 844
111 863
111 970
111 1071
111 1185
111 1197
111 1206
112 113
112 120
112 121
112 165
112 169
112 219
112 257
112 439
112 590
112 640
112 1115
113 120
113 121
113 169
113 219
113 257
113 640
113 1429
102 114
114 115
114 129
114 160
114 164
114 195
114 199
114 245
114 246
114 247
114 258
114 292
114 301
114 350
114 431
114 452
114 492
114 546
114 641
114 642
114 833
114 903
114 929
114 942
114 1082
114 1096
114 1109
114 1224
114 1263
114 1430
114 1431
114 1432
26 116
116 182
116 194
116 220
116 577
116 870
116 1248
116 1394
120 121
120 169
120 219
120 257
120 462
120 516
120 684
120 695
120 724
120 877
120 954
120 1437
120 1438
120 1439
121 146
121 147
121 169
121 219
121 257
121 379
121 462
121 617
121 709
121 877
121 954
121 1109
121 1440
121 1441
122 1038
122 1124
122 1442
117 123
123 184
123 200
123 206
123 242
123 253
123 291
123 336
123 372
123 376
123 384
123 404
123 492
123 505
123 571
123 578
123 592
123 720
123 798
123 799
123 887
123 1210
123 1304
123 1341
123 1417
123 1443
123 1444
124 125
124 153
124 176
124 221
124 236
124 244
124 259
124 354
124 358
124 359
124 393
124 444
124 571
124 594
124 637
124 660
124 698
124 724
124 995
124 1156
124 1338
124 1445
124 1446
124 1447
125 153
125 192
125 348
125 354
125 357
125 359
127 132
127 260
127 317
127 343
127 557
127 699
127 1088
127 1198
128 147
128 152
128 164
128 165
128 168
128 195
128 245
128 247
128 338
128 341
128 358
128 359
128 374
128 386
128 431
128 443
128 463
128 466
128 611
128 757
128 758
128 800
128 989
128 1314
128 1328
128 1448
128 1449
128 1450
128 1451
128 1452
129 164
129 180
129 192
129 195
129 198
129 247
129 269
129 270
129 286
129 306
129 307
129 385
129 398
129 505
129 535
129 536
129 555
129 561
129 579
129 583
129 698
129 784
129 805
129 902
129 917
129 1082
129 1109
129 1171
129 1219
129 1225
129 1263
129 1344
129 1453
129 1454
130 152
130 299
130 679
130 1120
132 225
132 317
132 343
132 364
117 133
133 196
133 315
133 388
133 649
133 859
133 1103
133 1137
133 1215
135 136
135 160
135 284
135 350
135 504
135 1225
135 1300
136 160
136 284
136 350
136 1225
139 140
139 219
139 262
139 273
139 280
139 293
139 296
139 314
139 371
139 376
139 389
139 458
139 528
139 548
139 600
139 617
139 748
139 1076
139 1149
139 1456
139 1457
139 1458
96 141
141 153
141 161
141 176
141 237
141 248
141 291
141 354
141 473
141 517
141 560
141 1338
142 145
142 168
142 174
142 183
142 184
142 212
142 213
142 290
142 291
142 571
142 831
142 844
142 863
142 970
142 1197
142 1301
143 144
144 154
144 155
144 189
144 244
144 311
144 333
144 353
144 443
144 460
144 498
144 547
144 570
144 657
144 658
144 662
144 899
144 1106
144 1119
144 1420
144 1460
144 1461
144 1463
144 1464
144 1465
145 168
145 738
145 988
145 1466
146 147
146 188
146 200
146 204
146 247
146 278
146 282
146 440
146 445
146 511
146 566
146 615
146 709
146 992
146 1200
146 1278
146 1441
146 1467
146 1468
147 164
147 204
147 221
147 347
147 424
147 511
147 615
147 709
147 712
147 746
147 809
147 823
147 930
147 1068
147 1109
147 1200
147 1263
147 1264
147 1328
147 1468
147 1469
147 1470
148 149
148 164
148 192
148 193
148 209
148 218
148 232
148 241
148 253
148 284
148 308
148 366
148 441
148 529
148 531
148 568
148 571
148 696
148 715
148 931
148 1362
148 1471
148 1472
118 150
150 178
150 378
150 817
153 329
153 354
154 155
154 185
154 207
154 232
154 244
154 258
154 286
154 289
154 308
154 339
154 342
154 383
154 412
154 417
154 443
154 460
154 478
154 492
154 500
154 505
154 541
154 542
154 547
154 570
154 614
154 662
154 741
154 846
154 848
154 851
154 899
154 968
154 1106
154 1119
154 1425
154 1475
154 1476
154 1477
154 1478
155 207
155 244
155 252
155 264
155 311
155 443
155 460
155 547
155 570
155 662
155 686
155 899
155 1106
155 1119
157 203
157 273
157 543
157 549
157 553
157 608
157 1080
157 1100
157 1203
115 160
160 164
160 174
160 199
160 245
160 284
160 350
160 431
160 620
160 1329
160 1363
161 169
161 176
161 221
161 259
161 289
161 291
161 300
161 567
161 637
161 698
161 711
161 1093
115 164
158 164
159 164
162 164
163 164
164 165
164 189
164 195
164 213
164 221
164 245
164 247
164 253
164 296
164 333
164 336
164 347
164 411
164 416
164 423
164 467
164 527
164 712
164 746
164 823
164 828
164 930
164 994
164 1484
164 1485
164 1486
165 167
165 195
165 233
165 234
165 245
165 247
165 299
165 303
165 340
165 431
165 432
165 439
165 486
165 590
165 680
165 909
165 1069
165 1115
165 1392
165 1487
165 1488
165 1489
165 1490
166 221
166 225
168 443
169 219
169 253
169 257
169 264
169 289
169 291
169 339
169 449
169 468
169 544
169 583
169 606
169 711
169 816
169 831
169 877
169 954
169 1145
169 1155
169 1195
172 246
172 409
172 440
172 625
172 639
172 642
170 173
171 173
173 179
173 490
173 616
176 178
176 248
176 260
176 354
176 359
176 393
176 637
176 668
176 729
176 1003
176 1004
176 1491
176 1492
180 328
180 329
180 387
180 389
180 390
180 402
180 413
180 534
180 561
180 576
180 784
180 902
180 917
180 999
180 1085
180 1090
180 1350
180 1351
180 1454
180 1493
137 191
138 191
191 203
191 379
191 597
191 709
191 935
191 1044
191 1066
191 1309
191 1497
115 195
195 233
195 234
195 247
195 277
195 283
195 284
195 501
195 581
195 582
195 659
195 678
195 680
195 716
195 927
195 1314
195 1434
195 1490
195 1499
195 1500
195 1501
117 196
196 281
196 287
196 315
196 322
196 323
196 328
196 329
196 360
196 365
196 388
196 616
196 639
196 705
196 822
196 966
196 1128
196 1143
196 1199
196 1275
196 1306
196 1502
196 1503
196 1504
33 198
44 198
197 198
198 295
198 447
198 487
198 1000
198 1173
198 1250
198 1365
200 253
200 278
200 500
200 614
200 720
200 862
200 992
200 1408
200 1467
200 1506
201 203
201 235
137 203
138 203
203 235
203 243
203 273
203 294
203 394
203 420
203 477
203 514
203 515
203 543
203 549
203 553
203 562
203 569
203 597
203 617
203 630
203 672
203 679
203 713
203 1080
203 1309
203 1310
203 1377
204 511
204 615
204 1263
206 243
206 266
206 578
206 933
207 244
207 252
207 412
167 208
208 310
208 510
208 1508
188 213
212 213
213 242
213 937
213 1033
213 1512
215 216
215 273
215 289
215 308
215 500
215 761
215 921
215 1229
53 216
216 273
216 292
216 544
216 596
216 1029
140 219
210 219
219 255
219 261
219 262
219 311
219 352
219 366
219 421
219 838
219 1130
219 1511
219 1513
126 220
194 220
220 306
220 307
220 572
220 750
220 751
220 785
220 1240
220 1391
214 221
221 224
221 232
221 259
221 382
221 406
221 424
221 468
221 591
221 703
221 1051
221 1138
221 1469
222 709
222 1081
222 1330
224 253
224 380
224 531
224 831
224 878
224 1138
224 1417
224 1476
71 225
96 225
102 225
103 225
151 225
214 225
225 248
225 264
225 265
225 364
225 427
225 481
225 483
225 512
225 565
225 812
225 1045
225 1151
225 1201
225 1316
225 1474
218 229
229 304
229 325
229 357
229 424
229 434
229 512
229 661
229 706
229 728
229 729
229 959
229 1182
229 1516
229 1517
230 364
230 559
230 699
230 700
230 754
230 842
71 232
188 232
192 232
193 232
209 232
218 232
232 238
232 244
232 253
232 285
232 289
232 290
232 368
232 380
232 383
232 408
232 412
232 462
232 518
232 529
232 544
232 593
232 663
232 686
232 772
232 804
232 846
232 928
232 982
232 1159
232 1180
232 1518
232 1519
233 234
234 247
234 248
234 283
234 346
235 1226
237 249
237 1046
237 1390
237 1523
239 1104
242 247
242 314
242 347
242 540
242 548
242 910
242 976
242 1526
102 244
151 244
183 244
187 244
188 244
244 262
244 264
244 285
244 289
244 293
244 379
244 408
244 412
244 443
244 460
244 488
244 547
244 570
244 571
244 662
244 752
244 995
244 1106
244 1187
244 1271
244 1447
244 1532
199 246
246 412
246 625
246 652
246 672
246 704
246 749
246 1050
246 1224
233 247
245 247
247 249
247 282
247 290
247 358
247 359
247 431
247 445
247 494
247 540
247 566
247 780
247 842
247 1030
247 1339
247 1341
247 1533
247 1534
247 1535
247 1536
247 1537
151 248
212 248
214 248
248 255
248 267
248 351
248 354
248 439
248 483
248 757
248 1204
248 1518
248 1538
248 1539
190 249
249 255
249 368
249 492
249 540
249 545
249 638
249 685
249 745
249 753
249 780
249 979
249 1086
249 1167
249 1384
102 252
205 252
252 253
252 292
252 408
252 442
252 1095
252 1540
252 1541
115 253
192 253
238 253
253 264
253 284
253 289
253 291
253 308
253 322
253 336
253 339
253 352
253 380
253 384
253 404
253 408
253 412
253 442
253 449
253 451
253 452
253 492
253 505
253 517
253 560
253 592
253 686
253 693
253 715
253 718
253 778
253 788
253 804
253 815
253 931
253 982
253 1028
253 1095
253 1155
253 1161
253 1175
253 1362
253 1398
253 1443
253 1476
253 1506
253 1518
253 1540
253 1541
253 1542
253 1543
253 1544
170 255
254 255
255 274
255 275
255 276
255 347
255 497
255 540
255 544
255 1145
255 1545
257 315
257 461
257 1429
185 258
258 286
258 289
258 308
258 417
258 500
258 529
258 541
258 542
258 614
258 715
258 741
258 851
258 968
258 1425
258 1475
259 303
259 315
259 698
259 1338
140 262
223 262
262 263
262 277
262 293
262 373
262 397
262 1385
262 1456
262 1532
262 1546
140 265
265 434
265 567
265 724
265 926
265 1066
265 1083
265 1122
265 1255
265 1550
243 266
266 1107
190 273
273 314
273 389
273 458
273 534
273 543
273 549
273 553
273 589
273 809
273 917
273 1087
273 1554
117 277
167 277
223 277
263 277
277 281
277 350
277 373
277 397
277 419
277 466
277 1094
277 1222
277 1284
282 366
282 445
282 494
282 566
282 917
282 944
282 945
282 1209
282 1534
282 1536
287 360
287 820
287 938
287 939
287 1128
287 1306
287 1557
186 289
187 289
192 289
209 289
238 289
264 289
284 289
286 289
289 290
289 291
289 308
289 322
289 336
289 351
289 366
289 380
289 384
289 404
289 410
289 412
289 451
289 492
289 500
289 505
289 531
289 534
289 541
289 542
289 544
289 552
289 560
289 614
289 662
289 676
289 686
289 711
289 741
289 760
289 761
289 804
289 808
289 815
289 921
289 1020
289 1159
289 1288
289 1290
289 1337
289 1348
289 1398
289 1404
289 1425
289 1476
289 1496
289 1510
289 1559
289 1560
293 1456
293 1532
294 314
294 377
294 420
294 562
294 617
294 672
294 1087
294 1360
152 299
299 432
299 1488
300 396
300 427
300 960
300 1093
300 1114
300 1147
300 1569
158 302
159 302
302 330
302 395
302 423
302 427
302 440
302 792
302 874
302 1479
302 1480
303 315
303 354
303 590
304 310
304 325
304 434
304 959
304 1111
304 1182
305 398
305 502
305 926
305 1087
45 306
126 306
167 306
194 306
269 306
270 306
306 307
306 330
306 555
306 572
306 750
306 751
306 785
306 1000
306 1019
306 1219
306 1230
306 1391
306 1393
306 1570
309 525
309 1101
310 311
310 364
310 415
310 685
310 721
310 755
310 756
310 818
310 894
310 967
310 1033
310 1099
310 1111
310 1292
310 1508
310 1571
174 314
190 314
240 314
297 314
314 345
314 376
314 377
314 439
314 458
314 504
314 507
314 548
314 606
314 625
314 702
314 748
314 769
314 828
314 910
314 1087
314 1158
314 1360
314 1457
314 1526
314 1574
314 1575
117 315
126 315
315 329
315 342
315 354
315 461
315 470
315 815
315 966
315 993
315 1117
315 1132
315 1502
315 1504
171 322
227 322
264 322
291 322
308 322
322 323
322 366
322 405
322 412
322 451
322 455
322 474
322 475
322 496
322 530
322 534
322 558
322 616
322 626
322 627
322 676
322 705
322 788
322 814
322 849
322 1337
322 1543
322 1547
322 1578
322 1579
322 1580
324 391
324 843
324 1113
324 1139
167 329
278 329
328 329
329 433
329 463
329 567
329 643
329 811
329 1090
329 1312
329 1582
53 344
131 344
344 463
344 1098
174 350
223 350
261 350
284 350
337 350
350 351
350 373
350 390
350 402
350 419
350 436
350 520
350 521
350 531
350 553
350 816
350 1017
350 1593
210 352
236 352
284 352
351 352
352 366
352 404
352 410
352 517
352 531
352 632
352 774
352 780
352 838
352 844
352 849
352 957
352 1007
352 1028
352 1399
352 1511
352 1543
352 1544
352 1594
352 1597
352 1598
354 1338
218 357
348 357
357 434
357 481
357 585
357 688
357 1050
357 1053
358 359
359 388
359 439
359 668
359 1156
359 1302
359 1416
53 364
271 364
311 364
364 415
364 442
364 657
364 699
364 700
364 754
364 842
364 1313
364 1600
167 365
365 1082
369 370
369 1408
370 479
370 1408
370 1603
371 450
371 548
371 567
371 766
371 767
371 961
371 1029
371 1076
371 1202
371 1604
371 1605
371 1606
377 1087
379 709
379 973
214 382
382 972
382 1609
296 391
342 391
391 671
391 843
391 1113
391 1139
391 1565
391 1566
393 637
393 1446
158 395
159 395
330 395
395 427
395 440
396 427
396 706
396 1126
396 1383
149 398
190 398
209 398
210 398
240 398
250 398
286 398
316 398
334 398
335 398
349 398
398 404
398 441
398 442
398 502
398 505
398 619
398 1087
398 1108
398 1225
398 1509
398 1613
346 403
403 439
403 508
403 619
403 727
403 1591
403 1614
408 412
408 493
408 662
408 1013
408 1095
408 1421
409 440
409 482
162 411
163 411
296 411
411 416
411 527
411 1102
411 1620
102 412
238 412
290 412
291 412
292 412
339 412
412 570
412 652
412 660
412 669
412 672
412 686
412 704
412 719
412 737
412 749
412 804
412 849
412 1050
412 1164
243 418
407 418
418 429
418 482
418 616
418 986
418 1529
159 427
330 427
427 440
427 565
427 1147
167 429
333 429
429 1189
429 1259
429 1270
429 1368
429 1419
429 1584
325 434
434 926
434 959
434 1135
434 1182
434 1376
434 1550
346 439
374 439
439 508
439 590
439 619
439 677
439 727
439 769
439 1115
439 1520
439 1538
439 1539
439 1614
209 442
291 442
442 598
442 1095
442 1289
442 1509
442 1541
442 1600
442 1628
443 444
443 460
443 483
443 547
443 570
443 604
443 659
443 662
443 711
443 899
443 1106
443 1119
444 483
444 599
444 659
444 1445
96 445
445 446
445 566
184 449
327 449
336 449
339 449
410 449
448 449
449 492
449 525
449 531
449 556
449 701
449 714
449 980
449 1155
449 1267
449 1403
171 455
182 455
211 455
401 455
405 455
455 496
455 530
455 626
455 627
455 657
455 664
455 687
455 739
455 740
455 826
455 1043
455 1071
455 1494
455 1630
455 1631
455 1632
460 547
460 570
460 662
460 899
460 1106
460 1119
342 461
461 1097
461 1117
461 1350
167 463
425 463
463 466
463 757
463 758
463 989
463 1097
463 1098
463 1452
468 606
468 856
468 875
468 876
468 1637
462 469
469 1141
469 1144
470 471
470 506
470 575
470 576
470 730
470 733
470 815
470 952
470 1016
470 1349
470 1638
470 1639
470 1640
481 512
483 659
374 491
491 817
491 1125
290 492
291 492
311 492
368 492
384 492
407 492
417 492
431 492
492 505
492 531
492 538
492 592
492 614
492 685
492 711
492 745
492 929
492 961
492 968
492 979
492 1162
492 1384
492 1418
492 1431
492 1443
492 1561
492 1619
497 544
497 1123
497 1145
497 1545
241 502
308 502
502 531
502 568
502 696
502 1087
502 1525
502 1649
325 512
512 661
512 728
512 729
512 1054
512 1280
512 1517
339 525
448 525
525 556
525 744
525 1178
115 529
185 529
241 529
290 529
291 529
308 529
366 529
383 529
466 529
529 568
529 808
529 851
529 1071
529 1407
236 531
308 531
351 531
404 531
436 531
531 541
531 552
531 571
531 663
531 696
531 849
531 1007
531 1399
531 1418
531 1472
531 1476
531 1543
531 1649
540 588
540 1184
545 1086
546 641
546 642
546 1096
184 547
547 570
547 662
547 753
547 899
547 1106
547 1119
547 1298
547 1654
264 561
561 784
561 902
561 917
561 1151
561 1548
565 738
565 1658
566 1534
118 567
450 567
567 643
567 1604
570 662
570 669
570 682
570 899
570 1106
570 1119
570 1540
570 1659
126 572
194 572
307 572
572 750
572 751
572 785
572 1391
26 577
33 577
156 577
194 577
268 577
400 577
537 577
577 1118
534 589
589 809
589 1554
590 1115
591 1089
591 1154
598 610
598 1035
598 1628
598 1663
598 1664
226 599
316 599
599 689
606 702
606 1592
608 1270
625 642
625 828
625 1574
637 1268
639 1503
641 642
641 1096
642 1096
644 1202
649 650
649 1676
325 661
661 728
661 729
661 961
661 1054
493 662
662 1106
662 1560
662 1646
291 676
339 676
366 676
410 676
534 676
676 711
676 808
676 813
676 814
676 897
676 1131
676 1337
263 679
679 994
679 1120
226 689
316 689
689 1175
140 704
437 704
651 704
652 704
672 704
704 749
704 1050
704 1459
709 935
709 1066
709 1330
339 744
351 744
571 744
744 829
744 1688
291 782
517 782
660 782
782 1140
466 807
807 1636
813 814
813 897
813 1067
813 1131
813 1694
814 897
814 1131
814 1580
374 817
817 943
817 1695
843 1113
859 1137
897 1131
899 1119
926 1550
576 953
953 1168
240 961
297 961
407 961
961 1619
993 1132
576 999
999 1493
1026 1134
188 1033
212 1033
668 1033
803 1033
937 1033
1033 1571
1033 1681
548 1076
619 1076
1059 1076
1076 1666
190 1087
368 1088
557 1088
328 1090
426 1092
311 1099
415 1099
619 1108
769 1108
337 1111
693 1111
839 1111
26 1112
181 1112
182 1112
858 1112
228 1113
288 1113
407 1113
530 1113
328 1116
342 1117
45 1118
428 1126
1051 1138
71 102
71 103
71 151
71 186
71 187
71 380
71 462
71 476
71 518
71 663
71 772
71 928
71 1180
71 1406
102 103
102 151
102 292
102 437
102 451
102 488
102 532
102 544
102 741
102 752
102 768
102 915
102 997
102 1197
102 1254
102 1271
102 1322
102 1362
102 1422
102 1423
103 151
103 488
103 532
140 280
140 1149
140 1459
151 214
151 476
151 488
151 532
151 752
151 1045
151 1271
151 1474
167 330
167 1193
167 1196
167 1270
167 1284
174 175
174 291
174 401
174 507
174 571
174 831
174 844
174 863
174 1231
175 401
175 507
175 681
175 732
184 211
184 311
184 327
184 372
184 701
184 1169
184 1206
184 1298
184 1301
185 308
185 417
185 478
185 500
185 851
185 968
185 1475
185 1477
185 1478
186 187
186 292
186 336
186 384
186 404
186 548
186 593
186 680
186 765
186 1020
186 1288
186 1401
186 1495
186 1496
187 336
190 240
190 297
190 316
190 345
190 638
190 753
190 1158
190 1167
69 205
70 205
89 205
170 205
178 205
205 226
205 238
205 264
205 431
205 494
205 558
205 603
205 1179
205 1405
205 1426
214 368
214 1201
231 520
231 665
70 238
238 264
238 667
238 686
238 804
238 1405
238 1426
238 1524
171 240
240 297
240 316
240 345
240 405
240 646
240 1158
240 1163
70 264
149 264
192 264
264 291
264 308
264 311
264 336
264 380
264 451
264 476
264 479
264 518
264 592
264 593
264 660
264 686
264 745
264 781
264 795
264 849
264 867
264 869
264 901
264 1151
264 1190
264 1295
264 1405
264 1426
264 1473
264 1476
264 1495
264 1547
264 1548
264 1549
279 592
279 1181
280 528
280 600
280 1149
280 1253
183 290
209 290
290 291
290 383
290 410
290 417
290 451
290 538
290 614
290 660
290 719
290 737
290 882
290 983
290 1159
290 1164
290 1533
96 291
115 291
149 291
183 291
209 291
236 291
241 291
291 311
291 351
291 366
291 380
291 383
291 384
291 457
291 473
291 476
291 479
291 505
291 517
291 518
291 534
291 560
291 571
291 592
291 593
291 603
291 614
291 660
291 696
291 711
291 715
291 719
291 737
291 780
291 808
291 819
291 831
291 844
291 851
291 863
291 878
291 882
291 893
291 896
291 902
291 931
291 983
291 1040
291 1067
291 1164
291 1172
291 1337
291 1443
291 1521
291 1561
291 1562
291 1563
297 345
297 810
297 850
297 942
297 1158
297 1163
297 1568
149 308
241 308
292 308
308 366
308 451
308 500
308 568
308 660
308 696
308 720
308 745
308 761
308 788
308 795
308 867
308 869
308 901
308 921
308 931
308 1362
308 1472
308 1473
308 1525
308 1543
115 311
149 311
241 311
245 311
296 311
311 337
311 353
311 415
311 441
311 452
311 457
311 498
311 509
311 571
311 614
311 657
311 686
311 720
311 804
311 968
311 1162
311 1206
311 1334
311 1424
311 1567
311 1572
226 316
323 474
323 475
323 558
323 616
323 705
323 1011
323 1578
323 1579
323 1581
188 339
285 339
339 342
339 410
339 517
339 544
339 603
339 604
339 624
339 848
339 849
339 1155
339 1362
339 1476
345 1158
358 1156
358 1302
177 378
272 378
378 614
378 693
378 780
378 805
378 920
378 962
378 969
378 1048
192 380
380 451
380 518
380 715
380 831
380 1161
380 1476
117 388
281 388
388 466
376 458
458 748
458 1146
458 1457
462 516
462 663
462 684
462 1144
462 1437
462 1633
478 500
478 1477
500 614
500 761
500 921
500 1408
500 1477
494 507
507 548
507 780
507 958
507 1575
507 1647
507 1650
96 517
473 517
517 560
517 660
517 693
517 718
517 1542
517 1598
118 528
211 528
528 600
528 638
528 1160
528 1253
188 544
292 544
368 544
437 544
476 544
541 544
544 595
544 622
544 623
544 741
544 1029
544 1145
544 1288
544 1322
544 1519
544 1559
544 1639
544 1641
544 1653
559 564
564 648
564 703
564 725
564 726
564 934
564 1165
564 1354
564 1378
564 1379
115 571
149 571
177 571
209 571
351 571
366 571
441 571
453 571
457 571
538 571
539 571
571 648
571 686
571 720
571 794
571 796
571 831
571 844
571 845
571 863
571 886
571 887
571 918
571 945
571 995
571 1009
571 1382
571 1384
571 1397
571 1424
571 1444
571 1447
571 1471
571 1602
575 576
576 629
576 1168
576 1386
576 1493
578 1035
476 593
479 593
518 593
592 593
593 1159
96 614
286 614
334 614
410 614
451 614
539 614
541 614
542 614
614 693
614 741
614 745
614 780
614 796
614 844
614 962
614 968
614 1048
614 1159
614 1162
614 1408
614 1425
243 630
394 630
420 630
477 630
514 630
515 630
569 630
630 865
630 1075
630 1157
630 1671
211 638
476 638
638 753
638 1167
638 1567
149 660
660 719
660 737
660 745
660 795
660 867
660 869
660 901
660 1164
660 1473
719 737
719 1164
728 729
728 1154
737 1164
753 1167
753 1654
236 780
351 780
494 780
632 780
693 780
774 780
780 819
780 893
780 896
780 962
780 1048
780 1521
780 1647
272 805
805 1022
805 1171
805 1693
428 865
865 1157
417 968
968 1162
610 1035
1035 1663
652 1050
672 1050
749 1050
1050 1053
1053 1054
1053 1707
410 1159
451 1159
715 1167
26 45
33 45
44 45
45 47
45 134
45 156
45 182
45 194
45 251
45 256
45 270
45 361
45 400
45 898
45 964
45 1002
45 1191
45 1234
45 1238
45 1317
45 1366
45 1367
47 202
47 269
47 270
47 312
47 313
47 318
47 319
47 320
47 321
47 330
47 332
47 353
47 381
47 554
47 633
47 636
47 647
47 673
47 691
47 825
47 858
47 872
47 964
47 1002
47 1174
47 1217
47 1232
47 1234
47 1235
47 1241
47 1245
47 1246
47 1369
47 1370
47 1371
47 1372
47 1373
47 1374
47 1375
126 194
126 307
126 330
126 647
126 674
126 675
126 750
126 751
126 785
126 1230
126 1391
126 1393
158 159
158 423
158 792
158 874
158 1479
159 162
159 330
159 423
159 440
159 475
159 792
159 874
159 1479
159 1480
159 1481
192 193
192 209
192 218
192 451
192 666
192 857
192 1344
192 1476
192 1498
243 296
243 342
243 374
243 394
243 407
243 420
243 437
243 477
243 482
243 514
243 515
243 569
243 616
243 837
243 840
243 986
243 1527
243 1528
243 1529
243 1530
243 1531
182 269
269 270
269 307
269 332
269 555
269 563
269 656
269 736
269 990
269 1005
269 1021
269 1047
269 1219
269 1370
269 1551
269 1552
44 270
182 270
270 295
270 307
270 332
270 555
270 563
270 633
270 634
270 873
270 1217
270 1219
270 1221
270 1234
270 1375
183 278
250 278
261 278
278 362
278 372
278 390
278 399
278 419
278 438
278 678
278 720
278 862
278 954
278 988
278 992
278 1312
278 1387
278 1467
117 281
281 466
281 1079
281 1199
281 1436
281 1555
26 318
202 318
312 318
313 318
318 319
318 633
318 636
318 673
318 674
318 675
318 691
318 762
318 763
318 787
318 797
318 836
318 871
318 872
318 883
318 889
318 895
318 991
318 996
318 1008
318 1018
318 1032
318 1174
318 1507
318 1552
318 1576
318 1577
319 353
319 554
319 762
319 763
319 797
319 836
319 996
319 1174
319 1242
319 1576
320 321
320 1369
321 1369
325 959
325 1054
325 1182
330 361
330 425
330 440
330 1193
330 1374
330 1583
210 366
285 366
366 367
366 383
366 384
366 392
366 414
366 534
366 568
366 794
366 838
366 912
366 917
366 944
366 945
366 1209
366 1337
366 1511
366 1601
366 1602
376 748
376 1304
376 1457
236 404
271 404
336 404
384 404
404 410
404 604
404 835
404 849
404 957
404 1020
404 1028
404 1176
404 1399
404 1496
404 1534
404 1544
404 1597
404 1613
404 1615
26 433
33 433
407 433
433 956
433 1318
433 1618
433 1623
177 480
480 777
480 1177
493 1646
476 518
479 518
518 592
518 733
518 734
518 772
518 928
518 940
518 1180
518 1634
241 568
260 568
466 568
472 568
568 696
568 1525
384 592
476 592
479 592
505 592
592 1181
592 1443
524 677
595 677
677 1413
336 686
541 686
686 715
686 760
686 793
686 796
686 804
686 841
686 923
686 1049
686 1183
686 1290
686 1682
706 1383
473 724
522 724
523 724
594 724
695 724
724 1438
724 1597
772 928
772 1180
777 1177
793 1183
583 831
816 831
831 844
831 863
784 917
902 917
917 944
917 945
917 1209
928 1180
959 1182
1041 1192
33 1173
447 1173
487 1173
778 1175
588 1184
96 334
96 446
96 473
96 539
96 560
96 745
96 796
96 844
96 1296
115 177
115 209
115 245
115 301
115 431
115 441
115 452
115 453
115 501
115 509
115 538
115 539
115 604
115 612
115 613
115 659
115 715
115 866
115 927
115 1424
115 1430
115 1433
115 1434
115 1435
117 298
117 466
117 1203
117 1341
117 1436
118 178
118 211
149 241
149 441
149 745
149 795
149 867
149 869
149 901
149 945
149 1471
149 1473
177 209
177 217
177 301
177 453
177 538
177 539
177 549
177 663
177 683
177 1036
177 1293
177 1424
178 226
183 188
183 1212
183 1223
188 212
188 285
188 937
188 1197
188 1223
211 327
211 657
226 770
226 784
226 854
226 946
226 1014
226 1515
236 331
236 401
236 681
236 692
236 819
236 844
236 849
236 893
236 896
236 1074
236 1389
236 1399
236 1521
236 1522
241 696
241 1407
241 1525
245 509
260 317
260 343
260 472
260 699
267 1204
217 284
284 335
284 351
284 560
284 658
284 745
284 815
284 1225
284 1388
284 1398
284 1499
298 1203
317 343
317 699
331 363
331 519
331 681
331 692
343 389
343 390
343 402
343 699
343 932
343 1590
356 1202
327 372
372 988
421 446
421 657
421 708
421 1282
431 452
431 509
431 603
431 901
431 1308
431 1424
450 1202
450 1604
466 757
466 758
466 909
466 989
466 1323
466 1452
466 1636
499 1211
209 538
351 538
417 538
453 538
538 539
538 632
538 1424
538 1595
368 557
383 603
417 603
603 604
603 902
603 1563
603 1611
296 617
420 617
562 617
617 672
617 713
617 1440
617 1458
143 658
353 658
658 745
658 826
658 827
658 916
658 1346
658 1463
658 1679
699 700
699 754
699 842
700 754
700 842
738 1658
301 745
334 745
368 745
503 745
539 745
685 745
745 795
745 796
745 844
745 867
745 869
745 901
745 922
745 924
745 979
745 1015
745 1384
745 1473
745 1689
437 754
754 842
798 799
798 1210
799 1210
842 1411
842 1535
334 844
351 844
539 844
680 844
784 844
796 844
844 863
844 1048
844 1056
844 1074
844 1402
844 1522
844 1594
844 1698
844 1699
451 863
863 864
863 1396
209 882
720 882
882 983
882 1207
882 1686
944 945
944 1209
945 1209
701 980
980 1213
988 1466
618 1202
217 335
217 1302
217 1388
217 1409
194 307
307 555
307 750
307 751
307 785
307 1219
307 1391
210 335
250 335
334 335
335 349
335 905
335 1279
335 1586
471 583
471 1218
471 1638
482 510
482 616
482 619
482 986
482 1529
555 563
555 731
555 747
555 1002
555 1219
501 659
584 659
585 659
659 888
659 1003
659 1661
683 1036
683 1293
873 1221
972 1609
353 1217
580 1217
484 1218
485 1218
583 1218
26 33
26 44
26 134
26 156
26 182
26 194
26 251
26 256
26 268
26 361
26 400
26 537
26 674
26 675
26 858
26 1008
26 1032
26 1244
26 1247
26 1317
26 1318
26 1319
53 131
53 596
53 640
53 657
33 194
44 194
134 194
182 194
194 251
194 256
194 400
194 750
194 751
194 785
194 1247
194 1317
194 1391
199 387
199 402
199 773
199 806
199 984
199 1224
199 1363
199 1505
44 361
361 1583
338 374
346 374
374 386
374 611
374 800
374 879
374 880
374 974
374 975
374 1449
374 1520
374 1531
374 1607
374 1608
667 1524
697 1228
795 901
867 901
869 901
901 1473
286 1225
505 1225
392 414
33 44
33 134
33 156
33 181
33 182
33 251
33 256
33 268
33 295
33 400
33 537
33 1072
33 1317
33 1319
33 1340
44 134
44 156
44 181
44 182
44 197
44 251
44 256
44 295
44 400
44 1234
44 1317
44 1365
44 1366
202 332
202 633
202 636
202 655
202 656
202 673
202 691
202 787
202 883
202 889
202 991
202 1232
202 1245
202 1507
312 313
312 353
312 675
312 731
312 825
312 1027
312 1573
313 353
313 675
313 731
313 825
182 332
332 636
332 691
381 636
381 1372
353 554
554 1234
554 1242
633 636
636 673
636 883
674 675
674 1008
674 1032
353 675
675 731
675 825
675 1008
675 1032
900 1236
1008 1032
872 1032
1032 1042
1032 1058
1032 1701
1061 1243
883 1242
991 1242
134 156
134 182
134 251
134 256
134 400
134 1247
134 1317
156 268
156 400
156 537
156 1366
181 182
182 251
182 256
182 400
182 687
182 1317
182 1494
197 295
197 1000
197 1365
268 400
268 537
268 1248
251 400
256 400
400 537
400 1317
447 487
295 563
563 990
563 1552
647 1246
870 1248
162 163
162 275
162 296
162 399
162 416
162 527
162 620
162 621
162 1066
162 1260
162 1312
162 1482
162 1483
212 351
212 937
212 1512
355 1251
423 426
423 792
423 874
423 1479
423 1480
424 1516
430 705
430 1253
430 1256
137 597
138 597
597 1309
600 1253
490 616
616 705
616 986
616 1529
705 1256
353 731
731 747
731 825
731 1002
747 1002
933 1257
964 1002
1002 1018
1002 1705
532 1254
88 119
88 163
88 362
88 399
88 425
88 440
88 1260
119 272
119 275
119 416
119 425
163 275
163 296
163 416
163 527
163 1260
163 1482
272 275
272 416
272 951
272 965
272 1553
170 275
254 275
274 275
275 276
275 296
275 347
275 416
275 1482
362 399
362 438
394 407
394 420
394 477
394 514
394 515
394 569
394 730
394 826
394 837
394 1530
399 438
399 536
399 620
399 621
399 1312
296 416
416 1482
416 1620
420 477
420 514
420 515
420 562
420 569
420 672
420 713
425 438
438 536
440 1278
477 514
477 515
477 569
477 837
477 1530
514 515
514 569
515 569
296 527
527 905
527 983
527 1651
286 536
535 536
536 579
536 583
296 342
296 671
296 1458
296 1482
296 1527
296 1565
296 1566
296 1567
406 703
998 1266
448 1267
556 1267
534 809
779 809
809 1554
809 1690
877 954
250 954
954 1387
69 70
69 89
70 89
70 1405
383 384
383 526
383 846
383 1274
383 1610
383 1611
488 532
488 752
488 1271
474 558
475 558
558 1578
558 1579
520 665
665 666
665 824
665 1000
665 1680
666 824
666 857
666 1000
666 1498
666 1680
752 1271
822 1275
1006 1273
729 749
729 775
729 832
729 987
729 1017
729 1276
729 1491
729 1687
652 749
672 749
749 775
749 832
749 987
749 1276
775 832
775 987
775 1276
832 987
832 1276
987 1276
1031 1277
233 346
283 346
346 501
346 508
346 1520
346 1591
233 428
428 1286
446 657
446 708
446 1282
586 708
586 1283
586 1285
353 657
498 657
504 657
596 657
640 657
657 1282
657 1336
708 1283
885 1281
830 973
913 973
914 973
973 981
973 1697
1011 1581
326 1287
336 410
336 541
336 548
336 680
336 714
336 715
336 765
336 1295
336 1348
336 1401
336 1403
336 1549
210 337
223 337
261 337
337 402
337 452
337 693
337 839
337 941
337 1572
337 1587
368 685
368 979
368 1288
368 1384
410 451
410 714
410 957
410 1403
410 1404
410 1597
271 604
417 604
441 604
453 604
604 711
604 924
604 1433
604 1534
685 693
685 721
685 755
685 756
685 818
685 894
685 967
685 979
685 1292
685 1324
685 1384
693 718
693 839
693 931
693 962
693 1048
693 1542
693 1588
721 755
721 756
721 818
721 894
721 967
721 1292
723 1294
755 756
755 818
755 894
755 967
755 1292
756 818
756 894
756 967
756 1292
760 1290
776 1291
711 808
808 851
818 894
818 967
818 1292
276 894
894 967
894 1292
922 924
924 1015
924 1689
967 1292
1036 1293
417 541
417 542
417 715
417 851
417 1475
522 523
548 680
548 765
548 910
548 958
548 1025
548 1297
548 1401
548 1526
548 1575
548 1650
548 1655
511 615
615 1298
541 715
612 715
613 715
715 866
715 1435
1060 1299
504 1300
327 701
510 619
690 707
690 1303
690 1305
707 1303
707 1305
360 1306
596 640
640 1336
717 1307
560 815
815 1398
271 454
271 1308
271 1534
328 811
328 1333
328 1345
328 1582
454 919
454 984
454 1308
454 1629
559 648
559 703
559 725
559 726
559 1379
559 1380
648 703
703 725
703 726
703 732
703 1315
703 1379
960 1023
960 1040
960 1569
1023 1040
878 1040
931 1040
1040 1562
935 1066
1066 1483
137 1309
138 1309
137 1310
138 1310
648 1311
620 1312
621 1312
437 1322
668 803
668 1681
681 732
732 1315
812 1316
251 256
251 1317
256 1317
858 1371
351 520
351 521
351 539
351 552
351 632
351 696
351 774
351 790
351 791
351 1593
351 1594
351 1595
351 1596
476 479
476 580
476 587
476 1320
476 1567
476 1641
476 1642
476 1643
451 552
541 552
552 635
552 902
552 1412
353 580
580 1320
541 663
549 663
663 963
663 1326
292 694
694 1321
334 796
539 796
520 816
521 816
583 816
816 925
816 1070
816 1327
908 1325
534 925
720 925
925 1070
925 1327
925 1428
963 1326
553 1017
1017 1687
1070 1327
292 1321
909 1323
170 171
170 179
170 254
170 274
170 276
170 347
170 494
254 274
254 276
254 347
274 276
274 347
276 347
347 712
347 746
347 823
347 930
347 976
347 1065
347 1592
620 621
620 1329
710 1055
710 1330
710 1414
710 1683
292 720
451 720
534 720
648 720
720 804
720 845
720 862
720 1334
720 1397
720 1417
720 1428
720 1686
761 921
804 1334
285 921
711 921
921 1556
962 1048
1001 1331
1048 1698
301 503
301 612
301 613
301 788
301 1430
387 534
413 534
495 534
496 534
534 742
534 1337
534 1428
534 1454
534 1554
534 1648
698 1338
295 1365
1072 1340
653 712
654 712
712 746
712 823
712 911
712 930
712 1684
722 1342
746 823
746 930
823 930
856 875
856 876
856 892
856 1343
856 1637
892 1343
903 942
930 1347
810 942
850 942
942 1568
643 1057
643 1672
730 826
826 827
826 1071
826 1346
826 1632
827 1346
479 1603
363 519
363 681
506 1349
519 681
648 725
648 726
648 845
648 886
648 918
648 934
648 1354
648 1379
648 1397
401 692
692 1352
692 1389
934 1354
971 1353
210 223
210 250
210 334
210 349
210 419
210 422
210 838
210 1511
422 1355
771 912
771 955
771 1356
912 955
912 1356
912 1601
955 1356
1077 1358
233 283
233 501
233 1520
513 1359
696 1472
696 1525
904 1073
904 1361
904 1702
543 553
549 553
553 918
553 936
553 1377
553 1656
553 1657
624 1362
909 1392
821 1364
898 1367
353 964
964 1599
193 209
193 218
209 218
209 453
209 539
209 983
209 1424
209 1509
209 1510
250 334
334 349
334 539
292 451
451 741
451 849
451 864
451 902
451 915
451 997
451 1396
451 1423
451 1476
453 539
539 632
539 1424
784 902
902 1563
143 353
333 353
353 498
353 825
353 1599
633 634
633 673
633 691
633 787
633 860
633 871
633 872
633 889
633 991
633 1058
633 1507
673 691
673 787
673 889
673 991
673 1507
691 787
691 872
691 889
691 991
691 1507
825 1373
871 872
872 1042
872 1058
872 1701
656 1370
543 549
543 1377
549 1377
725 726
725 1379
726 1379
868 1381
1009 1382
484 485
485 1644
978 1384
979 1384
223 250
223 263
223 373
223 397
223 419
223 494
223 609
223 1385
223 1514
250 349
250 419
250 1387
261 390
261 402
261 419
261 678
261 1513
263 373
263 397
263 994
263 1385
263 1546
387 390
389 390
390 402
390 413
390 419
390 678
390 932
390 1590
373 397
397 1385
387 402
389 402
402 413
402 806
402 932
402 984
402 1590
373 419
419 678
419 907
419 1621
575 1386
581 678
582 678
678 1500
373 1385
401 664
401 681
401 1389
533 594
750 751
750 785
750 1391
751 785
751 1391
785 1391
473 560
560 1398
845 1397
861 1395
864 1396
781 849
849 1399
849 1495
1063 1400
680 765
680 784
680 1401
680 1402
680 1490
714 1403
765 1401
770 784
783 784
784 854
784 862
784 946
784 1014
784 1402
784 1515
784 1691
286 505
384 505
505 1443
342 629
628 629
629 645
629 1589
629 1668
629 1670
367 414
414 1410
464 465
464 605
464 730
464 1037
464 1634
464 1635
465 605
465 730
465 1634
524 595
524 1413
286 541
541 542
541 635
541 741
541 789
541 1412
541 1425
541 1559
541 1652
595 1413
595 1639
605 730
605 1634
635 1412
651 652
651 916
651 1025
652 672
652 916
652 1025
783 862
783 1415
783 1691
916 1025
916 1679
389 1025
985 1025
1025 1655
878 931
878 1417
878 1562
473 1067
473 1597
1013 1421
407 1420
743 1420
759 1420
764 1420
852 1420
853 1420
884 1420
292 741
292 855
292 915
292 997
292 1029
292 1423
292 1495
292 1564
286 741
542 741
622 741
623 741
741 915
741 997
741 1423
741 1425
768 781
768 851
768 1422
915 997
915 1423
997 1423
285 367
285 711
285 1556
286 535
286 542
286 579
286 583
286 1425
441 453
453 1424
453 1433
542 1425
441 1424
452 1424
509 1424
886 918
918 1657
171 179
171 227
171 405
171 496
171 530
171 626
171 627
171 646
179 227
179 228
179 288
179 375
179 456
179 631
179 646
489 490
490 1645
508 1591
387 389
387 413
387 806
387 984
387 1454
389 413
413 495
413 496
413 1454
607 1427
969 970
970 1704
1071 1632
389 452
452 509
452 1024
452 1572
452 1612
833 834
833 1432
833 1474
929 1431
441 1062
441 1433
441 1471
441 1627
137 501
138 501
283 501
612 613
612 866
612 1435
613 866
613 1435
866 1435
927 1434
516 684
516 1437
516 1633
684 1437
684 1633
695 1438
695 1439
1038 1442
384 526
384 1020
384 1443
384 1496
887 1444
698 1454
995 1447
338 386
338 611
338 800
338 1064
338 1449
338 1450
338 1451
338 1588
341 1448
386 611
386 800
386 1449
611 800
611 1449
611 1450
757 758
757 989
757 1452
757 1518
758 989
758 1452
800 1449
989 1452
385 1453
535 579
535 583
579 583
137 138
137 1455
138 1455
389 932
389 985
389 1024
389 1590
389 1612
748 1457
143 189
143 333
143 498
143 1460
143 1461
143 1462
143 1463
189 333
189 467
189 498
189 828
189 1464
189 1465
189 1484
189 1485
333 467
333 828
333 949
333 950
333 1462
333 1484
333 1584
333 1585
511 1468
992 1467
1068 1470
931 1562
931 1588
795 867
795 869
795 1473
867 869
867 1473
869 1473
1045 1474
834 1474
342 671
342 848
342 1476
342 1527
342 1565
342 1566
342 1589
646 846
846 847
846 1674
848 1476
781 851
851 1475
792 874
792 1479
874 1479
474 475
475 1481
475 1578
475 1579
711 1556
711 1561
467 828
467 1484
467 1485
828 1484
828 1574
994 1486
340 1487
432 486
432 739
432 1488
432 1622
486 1488
1069 1489
494 609
494 1514
494 1647
227 228
227 288
227 375
227 405
227 456
227 457
227 496
227 530
227 626
227 627
227 631
405 496
405 530
405 626
405 627
405 646
405 881
405 907
405 1616
405 1617
495 496
496 530
496 626
496 627
496 742
496 1630
496 1648
228 530
288 530
407 530
530 626
530 627
626 627
626 1630
627 1630
602 646
646 670
646 847
646 947
646 948
646 1039
646 1617
646 1673
646 1674
646 1675
584 1003
585 1003
888 1003
1003 1004
1003 1492
1004 1492
228 288
228 375
228 407
228 456
228 457
228 631
288 375
288 407
288 456
288 459
288 631
288 1558
375 456
375 457
375 631
456 631
573 631
574 631
631 1660
664 687
687 1494
1020 1496
781 1495
1044 1497
857 1010
857 1498
857 1700
581 582
581 1500
582 1500
716 1501
966 1504
824 1000
1000 1019
1000 1570
1000 1680
773 1505
806 984
919 984
984 1629
862 1691
655 656
655 1678
656 1678
786 787
787 889
787 991
787 1507
787 1692
883 991
889 991
889 1507
991 1507
562 672
562 713
672 713
713 907
713 1685
905 983
983 1651
838 1511
1029 1606
1051 1052
1051 1706
609 1514
770 854
770 946
770 1014
770 1515
854 946
854 1014
854 1515
946 1014
946 1515
1014 1515
407 459
407 743
407 759
407 764
407 852
407 853
407 884
407 1558
407 1618
407 1619
520 521
520 1593
982 1518
819 893
819 896
819 1521
893 896
893 1521
896 1521
1074 1522
1046 1523
910 1526
976 977
976 1677
837 1530
840 1528
986 1529
1030 1537
682 1540
718 1542
778 779
778 788
503 788
779 788
788 1543
1028 1544
1007 1543
890 1550
891 1550
736 1005
736 1021
736 1047
736 1551
990 1552
1005 1021
1005 1047
1005 1551
1021 1047
1021 1551
1047 1551
1018 1552
634 860
634 1058
951 965
951 1553
965 1553
1079 1555
820 938
820 939
820 1557
938 939
938 1557
939 1557
459 1558
1067 1694
855 1564
671 1565
671 1566
810 850
810 1568
850 1568
1019 1570
1027 1573
702 1592
762 763
762 797
762 836
762 996
762 1576
763 797
763 836
763 996
763 1576
797 836
797 996
797 1576
836 996
836 1576
895 1577
996 1576
1018 1705
474 1578
474 1579
1054 1707
811 1582
949 950
949 1585
950 1585
905 1586
905 1651
941 1587
1064 1588
932 1590
1065 1592
435 436
436 1624
436 1625
632 774
790 791
790 1596
791 1596
957 1597
584 585
585 688
585 888
585 1662
584 688
688 1662
794 1602
766 767
766 1605
767 1605
879 880
879 1607
880 1607
974 975
974 1608
975 1608
920 969
969 1704
526 1610
1024 1612
730 952
730 1634
730 1639
619 727
619 947
619 1059
619 1614
619 1665
619 1666
727 1614
835 1615
881 907
881 1616
906 907
907 1012
907 1034
907 1616
907 1621
907 1685
907 1703
743 759
743 764
743 852
743 853
743 884
759 764
759 852
759 853
759 884
764 852
764 853
764 884
852 853
852 884
853 884
669 682
669 1659
495 742
495 1648
739 740
739 1043
739 1622
739 1631
956 1623
435 735
435 1624
435 1625
435 1626
735 1626
1062 1627
448 556
919 1629
740 1043
740 1631
1043 1631
1037 1635
733 1634
734 1634
940 1634
875 876
875 1637
876 1637
733 734
733 940
733 1016
733 1640
952 1639
1016 1640
587 1642
587 1643
484 1644
489 1645
742 1648
958 1650
734 940
789 1652
622 623
622 1078
622 1653
622 1667
623 1653
550 551
550 601
550 602
551 601
551 602
601 602
602 670
936 1656
682 1659
573 574
573 1660
574 1660
584 888
584 1661
584 1662
610 1663
610 1664
670 1673
947 948
947 1039
947 1665
947 1675
1059 1666
1078 1667
628 645
628 1668
628 1669
628 1670
645 1668
645 1669
1075 1671
860 1058
1042 1058
1058 1701
1057 1672
847 1674
948 1039
948 1675
1039 1675
650 1676
653 654
653 1677
654 1677
977 1677
824 1680
803 1681
841 923
841 1049
841 1682
923 1049
923 1682
1049 1682
1055 1683
911 1684
829 830
829 1688
829 1696
922 1015
922 1689
1015 1689
779 1690
786 1692
801 802
801 906
802 906
906 1012
906 1034
906 1703
1022 1693
943 1695
830 913
830 914
830 981
830 1696
830 1697
913 914
913 981
913 1697
914 981
914 1697
981 1697
1056 1699
1010 1700
1042 1701
890 891
1073 1702
1012 1034
1012 1703
1034 1703
1052 1706
