1 2
1 3
1 4
1 5
1 6
2 3
2 7
3 4
3 5
3 7
3 9
3 10
3 11
3 12
3 13
3 14
3 15
3 16
3 17
3 18
3 19
3 20
3 21
3 22
3 23
3 24
3 25
3 26
3 27
3 28
3 29
3 30
3 31
3 32
3 33
3 34
3 35
3 36
3 37
3 38
3 39
3 40
3 41
3 42
3 43
3 44
3 45
3 46
3 47
3 48
3 49
3 50
3 51
3 52
3 53
3 54
3 55
3 56
3 57
3 58
3 59
3 60
3 61
3 62
3 63
3 64
3 65
3 66
3 67
3 68
3 69
3 70
3 71
3 72
3 73
3 74
3 75
3 76
3 77
3 78
3 79
3 80
3 81
3 82
3 83
3 84
3 85
3 86
3 87
3 88
3 89
3 90
3 91
3 92
3 93
3 94
3 95
3 96
3 97
3 98
3 99
3 100
3 101
3 102
3 103
3 104
3 105
3 106
3 107
3 108
3 109
3 110
3 111
3 112
3 113
3 114
3 115
3 116
3 117
3 118
3 119
3 120
3 121
3 122
3 123
3 124
3 125
4 219
5 13
5 21
5 98
5 244
8 9
9 29
9 124
9 126
9 157
10 43
10 94
11 25
11 57
11 83
11 130
11 134
11 135
11 136
12 32
12 33
13 98
14 139
14 140
14 141
15 142
18 32
18 33
19 151
19 152
20 32
20 33
21 22
21 23
21 42
21 111
21 155
21 156
22 155
23 156
24 32
24 33
24 126
24 157
25 134
25 135
26 153
26 157
26 158
26 159
26 160
26 161
27 45
27 104
27 115
27 137
27 140
27 162
28 150
28 163
29 166
30 156
31 167
31 168
32 110
32 158
32 159
32 161
32 175
32 176
32 177
32 178
32 179
32 180
33 110
33 175
33 176
33 177
33 179
33 180
36 199
37 134
39 41
40 41
41 215
42 71
42 96
42 219
42 220
42 221
42 222
42 223
42 224
43 225
44 140
45 64
45 115
45 121
45 137
45 145
45 162
45 213
45 227
47 97
47 156
47 163
47 190
47 211
48 85
48 210
49 64
50 148
50 206
51 211
52 191
52 206
52 211
53 108
54 232
56 158
56 159
56 161
57 134
58 134
59 85
60 158
60 159
60 161
60 206
60 228
60 234
62 236
64 66
64 139
64 152
64 168
64 169
64 213
64 237
65 158
65 159
65 161
65 228
66 99
66 121
66 143
66 144
66 145
66 146
66 147
66 212
66 213
66 227
66 240
67 68
67 156
67 170
68 139
68 170
68 228
68 229
69 198
70 236
72 104
72 140
73 74
73 156
75 194
75 204
75 219
78 245
81 91
82 198
83 85
83 210
84 195
85 120
85 122
85 128
85 129
85 206
85 210
87 150
87 157
87 160
89 239
91 208
91 218
96 221
96 222
96 223
96 224
97 98
98 226
99 121
101 102
101 219
101 220
103 140
104 115
104 140
105 133
105 136
105 202
105 208
105 242
105 247
107 170
108 109
110 248
111 155
111 249
112 196
115 140
117 118
117 156
117 251
118 156
118 160
118 209
119 157
120 198
120 210
120 235
121 145
121 152
121 162
121 213
121 236
121 237
121 238
123 208
201 244
244 245
126 127
157 210
129 130
130 133
134 135
135 217
135 218
151 236
152 236
155 170
155 171
155 172
155 173
155 174
156 165
156 173
156 186
156 188
156 189
156 190
156 191
156 192
156 193
156 194
156 195
156 196
153 154
158 181
158 182
158 183
158 184
158 185
159 181
159 182
159 183
159 184
159 185
160 199
160 209
161 181
161 182
161 183
161 184
161 185
137 138
138 162
149 150
150 199
148 163
167 197
167 198
178 179
221 224
222 223
143 145
144 145
145 146
145 147
145 213
145 214
132 210
210 216
146 148
148 240
206 207
236 246
143 144
144 146
146 147
170 186
170 187
204 205
201 245
129 131
129 132
207 208
208 218
202 203
216 235
138 230
138 231
172 233
173 241
164 165
188 189
192 241
193 243
187 250
200 201
