1 2
1 3
1 4
1 5
1 6
1 7
1 8
1 9
1 10
1 11
1 12
1 13
1 14
1 15
1 16
1 17
1 18
1 19
1 20
3 4
3 21
3 22
3 23
3 24
3 25
3 26
3 27
3 28
3 29
3 30
3 31
3 32
3 33
3 34
3 35
3 36
3 37
3 38
3 39
3 40
3 41
3 42
3 43
3 44
3 45
3 46
3 47
3 48
3 49
3 50
3 51
3 52
3 53
3 54
3 55
3 56
3 57
3 58
3 59
3 60
3 61
3 62
3 63
3 64
3 65
3 66
3 67
3 68
3 69
4 21
4 22
4 23
4 24
4 25
4 26
4 27
4 28
4 29
4 30
4 31
4 32
4 33
4 34
4 35
4 36
4 37
4 38
4 39
4 40
4 41
4 42
4 43
4 44
4 45
4 46
4 47
4 48
4 49
4 50
4 51
4 52
4 53
4 54
4 55
4 56
4 57
4 58
4 59
4 60
4 61
4 62
4 63
4 64
4 65
4 66
4 67
4 68
4 69
5 272
6 7
6 11
6 27
6 273
6 274
6 275
8 274
9 10
10 276
10 277
10 278
10 279
10 280
10 281
10 282
12 275
13 304
14 15
14 19
14 22
14 289
14 305
14 306
16 289
17 18
18 307
18 308
18 309
18 310
18 311
18 312
18 313
20 306
21 22
21 23
21 24
21 25
21 26
21 27
21 28
21 29
21 30
21 31
21 32
21 33
21 34
21 35
21 36
21 37
21 38
21 39
21 40
21 41
21 42
21 43
21 44
21 45
21 46
21 47
21 48
21 49
21 50
21 51
21 52
21 53
21 54
21 55
21 56
21 57
21 58
21 59
21 60
21 61
21 62
21 63
21 64
21 65
21 66
21 67
21 68
21 69
21 70
21 71
21 72
21 73
21 74
21 75
21 76
21 77
22 23
22 24
22 25
22 26
22 27
22 28
22 29
22 30
22 31
22 32
22 33
22 34
22 35
22 36
22 37
22 38
22 39
22 40
22 41
22 42
22 43
22 44
22 45
22 46
22 47
22 48
22 49
22 50
22 51
22 52
22 53
22 54
22 55
22 56
22 57
22 58
22 59
22 60
22 61
22 62
22 63
22 64
22 65
22 66
22 67
22 68
22 69
23 24
23 25
23 26
23 27
23 28
23 29
23 30
23 31
23 32
23 33
23 34
23 35
23 36
23 37
23 38
23 39
23 40
23 41
23 42
23 43
23 44
23 45
23 46
23 47
23 48
23 49
23 50
23 51
23 52
23 53
23 54
23 55
23 56
23 57
23 58
23 59
23 60
23 61
23 62
23 63
23 64
23 65
23 66
23 67
23 68
23 69
23 70
23 71
23 72
23 73
23 74
23 75
23 76
23 77
24 25
24 26
24 27
24 28
24 29
24 30
24 31
24 32
24 33
24 34
24 35
24 36
24 37
24 38
24 39
24 40
24 41
24 42
24 43
24 44
24 45
24 46
24 47
24 48
24 49
24 50
24 51
24 52
24 53
24 54
24 55
24 56
24 57
24 58
24 59
24 60
24 61
24 62
24 63
24 64
24 65
24 66
24 67
24 68
24 69
25 26
25 27
25 28
25 29
25 30
25 31
25 32
25 33
25 34
25 35
25 36
25 37
25 38
25 39
25 40
25 41
25 42
25 43
25 44
25 45
25 46
25 47
25 48
25 49
25 50
25 51
25 52
25 53
25 54
25 55
25 56
25 57
25 58
25 59
25 60
25 61
25 62
25 63
25 64
25 65
25 66
25 67
25 68
25 69
26 27
26 28
26 29
26 30
26 31
26 32
26 33
26 34
26 35
26 36
26 37
26 38
26 39
26 40
26 41
26 42
26 43
26 44
26 45
26 46
26 47
26 48
26 49
26 50
26 51
26 52
26 53
26 54
26 55
26 56
26 57
26 58
26 59
26 60
26 61
26 62
26 63
26 64
26 65
26 66
26 67
26 68
26 69
26 70
26 71
26 72
26 73
26 74
26 75
26 76
26 77
27 28
27 29
27 30
27 31
27 32
27 33
27 34
27 35
27 36
27 37
27 38
27 39
27 40
27 41
27 42
27 43
27 44
27 45
27 46
27 47
27 48
27 49
27 50
27 51
27 52
27 53
27 54
27 55
27 56
27 57
27 58
27 59
27 60
27 61
27 62
27 63
27 64
27 65
27 66
27 67
27 68
27 69
28 29
28 30
28 31
28 32
28 33
28 34
28 35
28 36
28 37
28 38
28 39
28 40
28 41
28 42
28 43
28 44
28 45
28 46
28 47
28 48
28 49
28 50
28 51
28 52
28 53
28 54
28 55
28 56
28 57
28 58
28 59
28 60
28 61
28 62
28 63
28 64
28 65
28 66
28 67
28 68
28 69
28 70
28 71
28 72
28 73
28 74
28 75
28 76
28 77
29 30
29 31
29 32
29 33
29 34
29 35
29 36
29 37
29 38
29 39
29 40
29 41
29 42
29 43
29 44
29 45
29 46
29 47
29 48
29 49
29 50
29 51
29 52
29 53
29 54
29 55
29 56
29 57
29 58
29 59
29 60
29 61
29 62
29 63
29 64
29 65
29 66
29 67
29 68
29 69
30 31
30 32
30 33
30 34
30 35
30 36
30 37
30 38
30 39
30 40
30 41
30 42
30 43
30 44
30 45
30 46
30 47
30 48
30 49
30 50
30 51
30 52
30 53
30 54
30 55
30 56
30 57
30 58
30 59
30 60
30 61
30 62
30 63
30 64
30 65
30 66
30 67
30 68
30 69
31 32
31 33
31 34
31 35
31 36
31 37
31 38
31 39
31 40
31 41
31 42
31 43
31 44
31 45
31 46
31 47
31 48
31 49
31 50
31 51
31 52
31 53
31 54
31 55
31 56
31 57
31 58
31 59
31 60
31 61
31 62
31 63
31 64
31 65
31 66
31 67
31 68
31 69
32 33
32 34
32 35
32 36
32 37
32 38
32 39
32 40
32 41
32 42
32 43
32 44
32 45
32 46
32 47
32 48
32 49
32 50
32 51
32 52
32 53
32 54
32 55
32 56
32 57
32 58
32 59
32 60
32 61
32 62
32 63
32 64
32 65
32 66
32 67
32 68
32 69
33 34
33 35
33 36
33 37
33 38
33 39
33 40
33 41
33 42
33 43
33 44
33 45
33 46
33 47
33 48
33 49
33 50
33 51
33 52
33 53
33 54
33 55
33 56
33 57
33 58
33 59
33 60
33 61
33 62
33 63
33 64
33 65
33 66
33 67
33 68
33 69
33 78
33 79
33 80
33 81
33 82
33 83
33 84
33 85
33 86
34 35
34 36
34 37
34 38
34 39
34 40
34 41
34 42
34 43
34 44
34 45
34 46
34 47
34 48
34 49
34 50
34 51
34 52
34 53
34 54
34 55
34 56
34 57
34 58
34 59
34 60
34 61
34 62
34 63
34 64
34 65
34 66
34 67
34 68
34 69
34 87
34 88
34 89
34 90
35 36
35 37
35 38
35 39
35 40
35 41
35 42
35 43
35 44
35 45
35 46
35 47
35 48
35 49
35 50
35 51
35 52
35 53
35 54
35 55
35 56
35 57
35 58
35 59
35 60
35 61
35 62
35 63
35 64
35 65
35 66
35 67
35 68
35 69
35 79
36 37
36 38
36 39
36 40
36 41
36 42
36 43
36 44
36 45
36 46
36 47
36 48
36 49
36 50
36 51
36 52
36 53
36 54
36 55
36 56
36 57
36 58
36 59
36 60
36 61
36 62
36 63
36 64
36 65
36 66
36 67
36 68
36 69
36 87
36 88
36 89
36 90
37 38
37 39
37 40
37 41
37 42
37 43
37 44
37 45
37 46
37 47
37 48
37 49
37 50
37 51
37 52
37 53
37 54
37 55
37 56
37 57
37 58
37 59
37 60
37 61
37 62
37 63
37 64
37 65
37 66
37 67
37 68
37 69
38 39
38 40
38 41
38 42
38 43
38 44
38 45
38 46
38 47
38 48
38 49
38 50
38 51
38 52
38 53
38 54
38 55
38 56
38 57
38 58
38 59
38 60
38 61
38 62
38 63
38 64
38 65
38 66
38 67
38 68
38 69
39 40
39 41
39 42
39 43
39 44
39 45
39 46
39 47
39 48
39 49
39 50
39 51
39 52
39 53
39 54
39 55
39 56
39 57
39 58
39 59
39 60
39 61
39 62
39 63
39 64
39 65
39 66
39 67
39 68
39 69
39 91
40 41
40 42
40 43
40 44
40 45
40 46
40 47
40 48
40 49
40 50
40 51
40 52
40 53
40 54
40 55
40 56
40 57
40 58
40 59
40 60
40 61
40 62
40 63
40 64
40 65
40 66
40 67
40 68
40 69
40 92
41 42
41 43
41 44
41 45
41 46
41 47
41 48
41 49
41 50
41 51
41 52
41 53
41 54
41 55
41 56
41 57
41 58
41 59
41 60
41 61
41 62
41 63
41 64
41 65
41 66
41 67
41 68
41 69
42 43
42 44
42 45
42 46
42 47
42 48
42 49
42 50
42 51
42 52
42 53
42 54
42 55
42 56
42 57
42 58
42 59
42 60
42 61
42 62
42 63
42 64
42 65
42 66
42 67
42 68
42 69
43 44
43 45
43 46
43 47
43 48
43 49
43 50
43 51
43 52
43 53
43 54
43 55
43 56
43 57
43 58
43 59
43 60
43 61
43 62
43 63
43 64
43 65
43 66
43 67
43 68
43 69
43 93
43 94
44 45
44 46
44 47
44 48
44 49
44 50
44 51
44 52
44 53
44 54
44 55
44 56
44 57
44 58
44 59
44 60
44 61
44 62
44 63
44 64
44 65
44 66
44 67
44 68
44 69
44 87
44 88
44 89
44 90
45 46
45 47
45 48
45 49
45 50
45 51
45 52
45 53
45 54
45 55
45 56
45 57
45 58
45 59
45 60
45 61
45 62
45 63
45 64
45 65
45 66
45 67
45 68
45 69
45 95
46 47
46 48
46 49
46 50
46 51
46 52
46 53
46 54
46 55
46 56
46 57
46 58
46 59
46 60
46 61
46 62
46 63
46 64
46 65
46 66
46 67
46 68
46 69
47 48
47 49
47 50
47 51
47 52
47 53
47 54
47 55
47 56
47 57
47 58
47 59
47 60
47 61
47 62
47 63
47 64
47 65
47 66
47 67
47 68
47 69
48 49
48 50
48 51
48 52
48 53
48 54
48 55
48 56
48 57
48 58
48 59
48 60
48 61
48 62
48 63
48 64
48 65
48 66
48 67
48 68
48 69
49 50
49 51
49 52
49 53
49 54
49 55
49 56
49 57
49 58
49 59
49 60
49 61
49 62
49 63
49 64
49 65
49 66
49 67
49 68
49 69
50 51
50 52
50 53
50 54
50 55
50 56
50 57
50 58
50 59
50 60
50 61
50 62
50 63
50 64
50 65
50 66
50 67
50 68
50 69
50 96
51 52
51 53
51 54
51 55
51 56
51 57
51 58
51 59
51 60
51 61
51 62
51 63
51 64
51 65
51 66
51 67
51 68
51 69
51 97
51 98
51 99
51 100
51 101
51 102
52 53
52 54
52 55
52 56
52 57
52 58
52 59
52 60
52 61
52 62
52 63
52 64
52 65
52 66
52 67
52 68
52 69
52 103
53 54
53 55
53 56
53 57
53 58
53 59
53 60
53 61
53 62
53 63
53 64
53 65
53 66
53 67
53 68
53 69
53 97
53 98
53 99
53 100
53 101
53 102
54 55
54 56
54 57
54 58
54 59
54 60
54 61
54 62
54 63
54 64
54 65
54 66
54 67
54 68
54 69
55 56
55 57
55 58
55 59
55 60
55 61
55 62
55 63
55 64
55 65
55 66
55 67
55 68
55 69
56 57
56 58
56 59
56 60
56 61
56 62
56 63
56 64
56 65
56 66
56 67
56 68
56 69
56 104
57 58
57 59
57 60
57 61
57 62
57 63
57 64
57 65
57 66
57 67
57 68
57 69
57 97
57 98
57 99
57 100
57 101
57 102
58 59
58 60
58 61
58 62
58 63
58 64
58 65
58 66
58 67
58 68
58 69
58 105
59 60
59 61
59 62
59 63
59 64
59 65
59 66
59 67
59 68
59 69
59 97
59 98
59 99
59 100
59 101
59 102
60 61
60 62
60 63
60 64
60 65
60 66
60 67
60 68
60 69
61 62
61 63
61 64
61 65
61 66
61 67
61 68
61 69
62 63
62 64
62 65
62 66
62 67
62 68
62 69
62 106
63 64
63 65
63 66
63 67
63 68
63 69
63 97
63 98
63 99
63 100
63 101
63 102
64 65
64 66
64 67
64 68
64 69
64 107
65 66
65 67
65 68
65 69
65 97
65 98
65 99
65 100
65 101
65 102
66 67
66 68
66 69
67 68
67 69
68 69
273 288
274 289
274 290
274 291
274 292
274 293
274 294
274 295
274 296
274 297
274 298
274 299
274 300
274 301
276 279
276 283
276 284
276 285
276 286
276 287
277 302
280 283
281 284
282 287
289 290
289 291
289 292
289 293
289 294
289 295
289 296
289 297
289 298
289 299
289 300
289 301
305 319
307 310
307 314
307 315
307 316
307 317
307 318
308 320
311 314
312 315
313 318
70 71
70 72
70 73
70 74
70 75
70 76
70 77
70 783
70 784
71 72
71 73
71 74
71 75
71 76
71 77
71 783
71 784
72 73
72 74
72 75
72 76
72 77
73 74
73 75
73 76
73 77
74 75
74 76
74 77
75 76
75 77
76 77
78 721
79 80
79 546
79 722
79 723
79 724
81 546
82 83
83 725
83 726
83 727
83 728
83 729
83 730
83 731
85 722
86 724
87 88
87 89
87 90
87 842
87 843
87 844
87 845
87 846
87 847
87 848
87 849
88 89
88 90
88 842
88 843
88 844
89 90
91 92
91 695
91 696
91 697
91 698
91 699
91 700
91 701
92 545
92 696
92 703
92 704
92 705
93 95
93 670
93 671
93 672
93 673
93 674
93 675
93 676
94 95
95 544
95 671
95 678
95 679
96 103
96 518
96 519
96 520
96 521
96 522
96 523
96 524
97 98
97 99
97 100
97 101
97 102
97 740
97 741
97 742
97 743
97 744
97 745
97 746
98 99
98 100
98 101
98 102
98 740
98 741
98 742
98 743
98 744
98 745
98 755
99 100
99 101
99 102
99 740
99 741
99 742
99 743
99 744
99 745
99 756
100 101
100 102
100 740
100 741
100 742
100 743
100 744
100 745
100 757
101 102
101 740
101 741
101 742
101 743
101 744
101 745
101 758
102 740
102 741
102 742
102 743
102 744
102 745
102 776
103 519
103 526
103 527
103 528
103 529
104 105
104 558
104 559
104 560
104 561
104 562
104 563
104 564
105 543
105 559
105 566
105 567
105 568
106 107
106 644
106 645
106 646
106 647
106 648
106 649
106 650
107 292
107 645
107 652
107 653
107 654
783 784
783 894
784 895
528 546
543 546
544 546
545 546
546 547
546 548
546 549
546 550
546 551
546 552
546 553
546 554
546 555
723 737
725 728
725 732
725 733
725 734
725 735
725 736
726 738
729 732
730 733
731 736
842 843
842 844
842 887
842 893
843 844
843 845
843 893
844 846
845 846
847 848
847 849
847 1038
848 849
849 1096
695 702
545 697
698 699
699 706
699 707
699 708
699 709
699 710
699 711
699 712
700 703
701 705
528 545
543 545
544 545
545 547
545 548
545 549
545 550
545 551
545 552
545 553
545 554
545 555
704 718
670 677
544 672
673 674
674 680
674 681
674 682
674 683
674 684
674 685
674 686
676 679
528 544
543 544
544 547
544 548
544 549
544 550
544 551
544 552
544 553
544 554
544 555
678 692
518 525
520 528
521 522
522 530
522 531
522 532
522 533
522 534
522 535
522 536
523 526
524 529
740 741
740 742
740 743
740 744
740 745
740 747
740 748
740 749
740 750
740 751
740 752
740 753
740 754
741 742
741 743
741 744
741 745
741 747
741 748
741 749
741 750
741 751
741 752
741 753
741 754
742 743
742 744
742 745
742 747
742 748
742 749
742 750
742 751
742 752
742 753
742 754
743 744
743 745
743 747
743 748
743 749
743 750
743 751
743 752
743 753
743 754
744 745
744 759
744 760
744 761
744 762
744 763
744 764
744 765
744 766
744 767
744 768
744 769
744 770
744 771
744 772
744 773
744 774
744 775
745 759
745 760
745 761
745 762
745 763
745 764
745 765
745 766
745 767
745 768
745 769
745 770
745 771
745 772
745 773
745 774
745 775
746 779
755 780
756 777
757 778
758 781
776 782
527 542
528 543
528 547
528 548
528 549
528 550
528 551
528 552
528 553
528 554
528 555
558 565
543 560
561 562
562 569
562 570
562 571
562 572
562 573
562 574
562 575
563 566
564 568
543 547
543 548
543 549
543 550
543 551
543 552
543 553
543 554
543 555
567 581
644 651
292 646
647 648
648 655
648 656
648 657
648 658
648 659
648 660
648 661
649 652
650 654
290 292
291 292
292 293
292 294
292 295
292 296
292 297
292 298
292 299
292 300
292 301
653 667
108 109
108 110
110 111
110 112
110 113
110 114
110 115
111 116
112 117
113 114
114 115
115 118
118 119
119 120
119 121
119 122
119 123
119 124
119 125
119 126
119 127
119 128
119 129
119 130
119 131
119 132
119 133
119 134
119 135
119 136
119 137
119 138
120 121
120 122
120 123
120 124
120 125
120 126
120 127
120 128
120 129
120 130
120 131
120 132
120 133
120 134
120 135
120 136
120 137
120 138
120 205
121 122
121 123
121 124
121 125
121 126
121 127
121 128
121 129
121 130
121 131
121 132
121 133
121 134
121 135
121 136
121 137
121 138
121 216
122 123
122 124
122 125
122 126
122 127
122 128
122 129
122 130
122 131
122 132
122 133
122 134
122 135
122 136
122 137
122 138
122 227
123 124
123 125
123 126
123 127
123 128
123 129
123 130
123 131
123 132
123 133
123 134
123 135
123 136
123 137
123 138
123 238
124 125
124 126
124 127
124 128
124 129
124 130
124 131
124 132
124 133
124 134
124 135
124 136
124 137
124 138
124 249
125 126
125 127
125 128
125 129
125 130
125 131
125 132
125 133
125 134
125 135
125 136
125 137
125 138
125 260
126 127
126 128
126 129
126 130
126 131
126 132
126 133
126 134
126 135
126 136
126 137
126 138
126 271
127 128
127 129
127 130
127 131
127 132
127 133
127 134
127 135
127 136
127 137
127 138
127 152
127 154
127 170
127 172
127 771
127 773
127 791
127 792
127 793
127 794
127 795
127 796
127 797
127 798
127 799
127 800
127 801
127 802
127 803
127 804
127 805
127 806
127 807
127 808
127 809
127 810
127 811
127 812
127 813
127 814
127 815
127 816
127 817
127 818
127 819
127 820
127 821
127 822
127 823
127 824
127 825
127 826
127 827
127 828
127 829
127 830
127 831
127 832
127 833
127 834
127 835
127 836
127 837
127 838
127 839
127 840
127 841
128 129
128 130
128 131
128 132
128 133
128 134
128 135
128 136
128 137
128 138
129 130
129 131
129 132
129 133
129 134
129 135
129 136
129 137
129 138
130 131
130 132
130 133
130 134
130 135
130 136
130 137
130 138
131 132
131 133
131 134
131 135
131 136
131 137
131 138
132 133
132 134
132 135
132 136
132 137
132 138
133 134
133 135
133 136
133 137
133 138
134 135
134 136
134 137
134 138
135 136
135 137
135 138
136 137
136 138
137 138
202 205
213 216
224 227
235 238
246 249
257 260
268 271
150 152
152 153
152 154
152 155
152 156
152 170
152 172
152 771
152 773
152 791
152 792
152 793
152 794
152 795
152 796
152 797
152 798
152 799
152 800
152 801
152 802
152 803
152 804
152 805
152 806
152 807
152 808
152 809
152 810
152 811
152 812
152 813
152 814
152 815
152 816
152 817
152 818
152 819
152 820
152 821
152 822
152 823
152 824
152 825
152 826
152 827
152 828
152 829
152 830
152 831
152 832
152 833
152 834
152 835
152 836
152 837
152 838
152 839
152 840
152 841
150 154
153 154
154 155
154 156
154 170
154 172
154 771
154 773
154 791
154 792
154 793
154 794
154 795
154 796
154 797
154 798
154 799
154 800
154 801
154 802
154 803
154 804
154 805
154 806
154 807
154 808
154 809
154 810
154 811
154 812
154 813
154 814
154 815
154 816
154 817
154 818
154 819
154 820
154 821
154 822
154 823
154 824
154 825
154 826
154 827
154 828
154 829
154 830
154 831
154 832
154 833
154 834
154 835
154 836
154 837
154 838
154 839
154 840
154 841
168 170
170 171
170 172
170 173
170 174
170 771
170 773
170 791
170 792
170 793
170 794
170 795
170 796
170 797
170 798
170 799
170 800
170 801
170 802
170 803
170 804
170 805
170 806
170 807
170 808
170 809
170 810
170 811
170 812
170 813
170 814
170 815
170 816
170 817
170 818
170 819
170 820
170 821
170 822
170 823
170 824
170 825
170 826
170 827
170 828
170 829
170 830
170 831
170 832
170 833
170 834
170 835
170 836
170 837
170 838
170 839
170 840
170 841
168 172
171 172
172 173
172 174
172 771
172 773
172 791
172 792
172 793
172 794
172 795
172 796
172 797
172 798
172 799
172 800
172 801
172 802
172 803
172 804
172 805
172 806
172 807
172 808
172 809
172 810
172 811
172 812
172 813
172 814
172 815
172 816
172 817
172 818
172 819
172 820
172 821
172 822
172 823
172 824
172 825
172 826
172 827
172 828
172 829
172 830
172 831
172 832
172 833
172 834
172 835
172 836
172 837
172 838
172 839
172 840
172 841
759 771
760 771
761 771
762 771
763 771
764 771
765 771
766 771
767 771
768 771
769 771
770 771
771 772
771 773
771 774
771 775
771 791
771 792
771 793
771 794
771 795
771 796
771 797
771 798
771 799
771 800
771 801
771 802
771 803
771 804
771 805
771 806
771 807
771 808
771 809
771 810
771 811
771 812
771 813
771 814
771 815
771 816
771 817
771 818
771 819
771 820
771 821
771 822
771 823
771 824
771 825
771 826
771 827
771 828
771 829
771 830
771 831
771 832
771 833
771 834
771 835
771 836
771 837
771 838
771 839
771 840
771 841
759 773
760 773
761 773
762 773
763 773
764 773
765 773
766 773
767 773
768 773
769 773
770 773
772 773
773 774
773 775
773 791
773 792
773 793
773 794
773 795
773 796
773 797
773 798
773 799
773 800
773 801
773 802
773 803
773 804
773 805
773 806
773 807
773 808
773 809
773 810
773 811
773 812
773 813
773 814
773 815
773 816
773 817
773 818
773 819
773 820
773 821
773 822
773 823
773 824
773 825
773 826
773 827
773 828
773 829
773 830
773 831
773 832
773 833
773 834
773 835
773 836
773 837
773 838
773 839
773 840
773 841
791 792
791 793
791 794
791 795
791 796
791 797
791 798
791 799
791 800
791 801
791 802
791 803
791 804
791 805
791 806
791 807
791 808
791 809
791 810
791 811
791 812
791 813
791 814
791 815
791 816
791 817
791 818
791 819
791 820
791 821
791 822
791 823
791 824
791 825
791 826
791 827
791 828
791 829
791 830
791 831
791 832
791 833
791 834
791 835
791 836
791 837
791 838
791 839
791 840
791 841
791 850
792 793
792 794
792 795
792 796
792 797
792 798
792 799
792 800
792 801
792 802
792 803
792 804
792 805
792 806
792 807
792 808
792 809
792 810
792 811
792 812
792 813
792 814
792 815
792 816
792 817
792 818
792 819
792 820
792 821
792 822
792 823
792 824
792 825
792 826
792 827
792 828
792 829
792 830
792 831
792 832
792 833
792 834
792 835
792 836
792 837
792 838
792 839
792 840
792 841
793 794
793 795
793 796
793 797
793 798
793 799
793 800
793 801
793 802
793 803
793 804
793 805
793 806
793 807
793 808
793 809
793 810
793 811
793 812
793 813
793 814
793 815
793 816
793 817
793 818
793 819
793 820
793 821
793 822
793 823
793 824
793 825
793 826
793 827
793 828
793 829
793 830
793 831
793 832
793 833
793 834
793 835
793 836
793 837
793 838
793 839
793 840
793 841
794 795
794 796
794 797
794 798
794 799
794 800
794 801
794 802
794 803
794 804
794 805
794 806
794 807
794 808
794 809
794 810
794 811
794 812
794 813
794 814
794 815
794 816
794 817
794 818
794 819
794 820
794 821
794 822
794 823
794 824
794 825
794 826
794 827
794 828
794 829
794 830
794 831
794 832
794 833
794 834
794 835
794 836
794 837
794 838
794 839
794 840
794 841
795 796
795 797
795 798
795 799
795 800
795 801
795 802
795 803
795 804
795 805
795 806
795 807
795 808
795 809
795 810
795 811
795 812
795 813
795 814
795 815
795 816
795 817
795 818
795 819
795 820
795 821
795 822
795 823
795 824
795 825
795 826
795 827
795 828
795 829
795 830
795 831
795 832
795 833
795 834
795 835
795 836
795 837
795 838
795 839
795 840
795 841
796 797
796 798
796 799
796 800
796 801
796 802
796 803
796 804
796 805
796 806
796 807
796 808
796 809
796 810
796 811
796 812
796 813
796 814
796 815
796 816
796 817
796 818
796 819
796 820
796 821
796 822
796 823
796 824
796 825
796 826
796 827
796 828
796 829
796 830
796 831
796 832
796 833
796 834
796 835
796 836
796 837
796 838
796 839
796 840
796 841
797 798
797 799
797 800
797 801
797 802
797 803
797 804
797 805
797 806
797 807
797 808
797 809
797 810
797 811
797 812
797 813
797 814
797 815
797 816
797 817
797 818
797 819
797 820
797 821
797 822
797 823
797 824
797 825
797 826
797 827
797 828
797 829
797 830
797 831
797 832
797 833
797 834
797 835
797 836
797 837
797 838
797 839
797 840
797 841
798 799
798 800
798 801
798 802
798 803
798 804
798 805
798 806
798 807
798 808
798 809
798 810
798 811
798 812
798 813
798 814
798 815
798 816
798 817
798 818
798 819
798 820
798 821
798 822
798 823
798 824
798 825
798 826
798 827
798 828
798 829
798 830
798 831
798 832
798 833
798 834
798 835
798 836
798 837
798 838
798 839
798 840
798 841
799 800
799 801
799 802
799 803
799 804
799 805
799 806
799 807
799 808
799 809
799 810
799 811
799 812
799 813
799 814
799 815
799 816
799 817
799 818
799 819
799 820
799 821
799 822
799 823
799 824
799 825
799 826
799 827
799 828
799 829
799 830
799 831
799 832
799 833
799 834
799 835
799 836
799 837
799 838
799 839
799 840
799 841
800 801
800 802
800 803
800 804
800 805
800 806
800 807
800 808
800 809
800 810
800 811
800 812
800 813
800 814
800 815
800 816
800 817
800 818
800 819
800 820
800 821
800 822
800 823
800 824
800 825
800 826
800 827
800 828
800 829
800 830
800 831
800 832
800 833
800 834
800 835
800 836
800 837
800 838
800 839
800 840
800 841
801 802
801 803
801 804
801 805
801 806
801 807
801 808
801 809
801 810
801 811
801 812
801 813
801 814
801 815
801 816
801 817
801 818
801 819
801 820
801 821
801 822
801 823
801 824
801 825
801 826
801 827
801 828
801 829
801 830
801 831
801 832
801 833
801 834
801 835
801 836
801 837
801 838
801 839
801 840
801 841
802 803
802 804
802 805
802 806
802 807
802 808
802 809
802 810
802 811
802 812
802 813
802 814
802 815
802 816
802 817
802 818
802 819
802 820
802 821
802 822
802 823
802 824
802 825
802 826
802 827
802 828
802 829
802 830
802 831
802 832
802 833
802 834
802 835
802 836
802 837
802 838
802 839
802 840
802 841
802 851
803 804
803 805
803 806
803 807
803 808
803 809
803 810
803 811
803 812
803 813
803 814
803 815
803 816
803 817
803 818
803 819
803 820
803 821
803 822
803 823
803 824
803 825
803 826
803 827
803 828
803 829
803 830
803 831
803 832
803 833
803 834
803 835
803 836
803 837
803 838
803 839
803 840
803 841
804 805
804 806
804 807
804 808
804 809
804 810
804 811
804 812
804 813
804 814
804 815
804 816
804 817
804 818
804 819
804 820
804 821
804 822
804 823
804 824
804 825
804 826
804 827
804 828
804 829
804 830
804 831
804 832
804 833
804 834
804 835
804 836
804 837
804 838
804 839
804 840
804 841
805 806
805 807
805 808
805 809
805 810
805 811
805 812
805 813
805 814
805 815
805 816
805 817
805 818
805 819
805 820
805 821
805 822
805 823
805 824
805 825
805 826
805 827
805 828
805 829
805 830
805 831
805 832
805 833
805 834
805 835
805 836
805 837
805 838
805 839
805 840
805 841
806 807
806 808
806 809
806 810
806 811
806 812
806 813
806 814
806 815
806 816
806 817
806 818
806 819
806 820
806 821
806 822
806 823
806 824
806 825
806 826
806 827
806 828
806 829
806 830
806 831
806 832
806 833
806 834
806 835
806 836
806 837
806 838
806 839
806 840
806 841
806 853
807 808
807 809
807 810
807 811
807 812
807 813
807 814
807 815
807 816
807 817
807 818
807 819
807 820
807 821
807 822
807 823
807 824
807 825
807 826
807 827
807 828
807 829
807 830
807 831
807 832
807 833
807 834
807 835
807 836
807 837
807 838
807 839
807 840
807 841
807 854
807 855
807 856
808 809
808 810
808 811
808 812
808 813
808 814
808 815
808 816
808 817
808 818
808 819
808 820
808 821
808 822
808 823
808 824
808 825
808 826
808 827
808 828
808 829
808 830
808 831
808 832
808 833
808 834
808 835
808 836
808 837
808 838
808 839
808 840
808 841
808 852
809 810
809 811
809 812
809 813
809 814
809 815
809 816
809 817
809 818
809 819
809 820
809 821
809 822
809 823
809 824
809 825
809 826
809 827
809 828
809 829
809 830
809 831
809 832
809 833
809 834
809 835
809 836
809 837
809 838
809 839
809 840
809 841
810 811
810 812
810 813
810 814
810 815
810 816
810 817
810 818
810 819
810 820
810 821
810 822
810 823
810 824
810 825
810 826
810 827
810 828
810 829
810 830
810 831
810 832
810 833
810 834
810 835
810 836
810 837
810 838
810 839
810 840
810 841
811 812
811 813
811 814
811 815
811 816
811 817
811 818
811 819
811 820
811 821
811 822
811 823
811 824
811 825
811 826
811 827
811 828
811 829
811 830
811 831
811 832
811 833
811 834
811 835
811 836
811 837
811 838
811 839
811 840
811 841
811 854
811 855
811 856
812 813
812 814
812 815
812 816
812 817
812 818
812 819
812 820
812 821
812 822
812 823
812 824
812 825
812 826
812 827
812 828
812 829
812 830
812 831
812 832
812 833
812 834
812 835
812 836
812 837
812 838
812 839
812 840
812 841
813 814
813 815
813 816
813 817
813 818
813 819
813 820
813 821
813 822
813 823
813 824
813 825
813 826
813 827
813 828
813 829
813 830
813 831
813 832
813 833
813 834
813 835
813 836
813 837
813 838
813 839
813 840
813 841
814 815
814 816
814 817
814 818
814 819
814 820
814 821
814 822
814 823
814 824
814 825
814 826
814 827
814 828
814 829
814 830
814 831
814 832
814 833
814 834
814 835
814 836
814 837
814 838
814 839
814 840
814 841
815 816
815 817
815 818
815 819
815 820
815 821
815 822
815 823
815 824
815 825
815 826
815 827
815 828
815 829
815 830
815 831
815 832
815 833
815 834
815 835
815 836
815 837
815 838
815 839
815 840
815 841
816 817
816 818
816 819
816 820
816 821
816 822
816 823
816 824
816 825
816 826
816 827
816 828
816 829
816 830
816 831
816 832
816 833
816 834
816 835
816 836
816 837
816 838
816 839
816 840
816 841
817 818
817 819
817 820
817 821
817 822
817 823
817 824
817 825
817 826
817 827
817 828
817 829
817 830
817 831
817 832
817 833
817 834
817 835
817 836
817 837
817 838
817 839
817 840
817 841
817 854
817 855
817 856
818 819
818 820
818 821
818 822
818 823
818 824
818 825
818 826
818 827
818 828
818 829
818 830
818 831
818 832
818 833
818 834
818 835
818 836
818 837
818 838
818 839
818 840
818 841
819 820
819 821
819 822
819 823
819 824
819 825
819 826
819 827
819 828
819 829
819 830
819 831
819 832
819 833
819 834
819 835
819 836
819 837
819 838
819 839
819 840
819 841
819 857
819 858
819 859
820 821
820 822
820 823
820 824
820 825
820 826
820 827
820 828
820 829
820 830
820 831
820 832
820 833
820 834
820 835
820 836
820 837
820 838
820 839
820 840
820 841
820 862
821 822
821 823
821 824
821 825
821 826
821 827
821 828
821 829
821 830
821 831
821 832
821 833
821 834
821 835
821 836
821 837
821 838
821 839
821 840
821 841
821 857
821 858
821 859
822 823
822 824
822 825
822 826
822 827
822 828
822 829
822 830
822 831
822 832
822 833
822 834
822 835
822 836
822 837
822 838
822 839
822 840
822 841
822 863
823 824
823 825
823 826
823 827
823 828
823 829
823 830
823 831
823 832
823 833
823 834
823 835
823 836
823 837
823 838
823 839
823 840
823 841
823 857
823 858
823 859
824 825
824 826
824 827
824 828
824 829
824 830
824 831
824 832
824 833
824 834
824 835
824 836
824 837
824 838
824 839
824 840
824 841
825 826
825 827
825 828
825 829
825 830
825 831
825 832
825 833
825 834
825 835
825 836
825 837
825 838
825 839
825 840
825 841
825 853
826 827
826 828
826 829
826 830
826 831
826 832
826 833
826 834
826 835
826 836
826 837
826 838
826 839
826 840
826 841
827 828
827 829
827 830
827 831
827 832
827 833
827 834
827 835
827 836
827 837
827 838
827 839
827 840
827 841
828 829
828 830
828 831
828 832
828 833
828 834
828 835
828 836
828 837
828 838
828 839
828 840
828 841
829 830
829 831
829 832
829 833
829 834
829 835
829 836
829 837
829 838
829 839
829 840
829 841
829 872
830 831
830 832
830 833
830 834
830 835
830 836
830 837
830 838
830 839
830 840
830 841
831 832
831 833
831 834
831 835
831 836
831 837
831 838
831 839
831 840
831 841
831 872
832 833
832 834
832 835
832 836
832 837
832 838
832 839
832 840
832 841
833 834
833 835
833 836
833 837
833 838
833 839
833 840
833 841
834 835
834 836
834 837
834 838
834 839
834 840
834 841
835 836
835 837
835 838
835 839
835 840
835 841
836 837
836 838
836 839
836 840
836 841
837 838
837 839
837 840
837 841
838 839
838 840
838 841
839 840
839 841
839 872
840 841
139 140
139 141
141 142
141 143
141 144
141 145
141 146
142 147
143 148
144 145
145 146
146 149
149 150
150 151
150 153
150 155
150 156
151 182
153 155
153 156
155 156
177 182
181 182
157 158
157 159
159 160
159 161
159 162
159 163
159 164
160 165
161 166
162 163
163 164
164 167
167 168
168 169
168 171
168 173
168 174
169 192
171 173
171 174
173 174
187 192
191 192
175 176
175 177
177 178
177 179
177 180
177 181
178 183
179 184
180 181
185 186
185 187
187 188
187 189
187 190
187 191
188 193
189 194
190 191
195 196
195 197
197 198
197 199
197 200
197 201
197 202
198 203
199 204
200 201
201 202
206 207
206 208
208 209
208 210
208 211
208 212
208 213
209 214
210 215
211 212
212 213
217 218
217 219
219 220
219 221
219 222
219 223
219 224
220 225
221 226
222 223
223 224
228 229
228 230
230 231
230 232
230 233
230 234
230 235
231 236
232 237
233 234
234 235
239 240
239 241
241 242
241 243
241 244
241 245
241 246
242 247
243 248
244 245
245 246
250 251
250 252
252 253
252 254
252 255
252 256
252 257
253 258
254 259
255 256
256 257
261 262
261 263
263 264
263 265
263 266
263 267
263 268
264 269
265 270
266 267
267 268
290 291
290 293
290 294
290 295
290 296
290 297
290 298
290 299
290 300
290 301
290 586
290 588
291 293
291 294
291 295
291 296
291 297
291 298
291 299
291 300
291 301
291 616
291 618
293 294
293 295
293 296
293 297
293 298
293 299
293 300
293 301
294 295
294 296
294 297
294 298
294 299
294 300
294 301
295 296
295 297
295 298
295 299
295 300
295 301
296 297
296 298
296 299
296 300
296 301
297 298
297 299
297 300
297 301
298 299
298 300
298 301
299 300
299 301
300 301
286 303
584 586
586 587
586 595
586 596
586 597
586 598
584 588
614 616
616 617
616 625
616 626
616 627
616 628
614 618
317 321
322 323
322 324
322 325
322 326
322 327
322 328
322 329
322 330
322 331
323 332
324 325
324 329
324 333
324 334
324 335
324 336
326 335
327 328
328 337
328 338
328 339
328 340
328 341
328 342
328 343
329 344
329 345
329 346
329 347
329 348
329 349
329 350
329 351
329 352
329 353
329 354
329 355
329 356
330 333
331 336
334 362
335 363
335 364
335 365
335 366
335 367
335 368
335 369
335 370
335 371
335 372
335 373
335 374
335 375
337 340
337 357
337 358
337 359
337 360
337 361
338 376
341 357
342 358
343 361
344 345
344 346
344 347
344 348
344 349
344 350
344 351
344 352
344 353
344 354
344 355
344 356
344 378
344 380
345 346
345 347
345 348
345 349
345 350
345 351
345 352
345 353
345 354
345 355
345 356
345 406
345 408
346 347
346 348
346 349
346 350
346 351
346 352
346 353
346 354
346 355
346 356
346 434
346 436
347 348
347 349
347 350
347 351
347 352
347 353
347 354
347 355
347 356
347 462
347 464
348 349
348 350
348 351
348 352
348 353
348 354
348 355
348 356
348 490
348 492
349 350
349 351
349 352
349 353
349 354
349 355
349 356
349 785
349 786
349 787
349 788
350 351
350 352
350 353
350 354
350 355
350 356
350 785
350 786
350 787
350 788
351 352
351 353
351 354
351 355
351 356
352 353
352 354
352 355
352 356
353 354
353 355
353 356
353 785
353 786
353 787
353 788
354 355
354 356
354 785
354 786
354 787
354 788
355 356
363 364
363 365
363 366
363 367
363 368
363 369
363 370
363 371
363 372
363 373
363 374
363 375
363 380
363 382
364 365
364 366
364 367
364 368
364 369
364 370
364 371
364 372
364 373
364 374
364 375
364 408
364 410
365 366
365 367
365 368
365 369
365 370
365 371
365 372
365 373
365 374
365 375
365 436
365 438
366 367
366 368
366 369
366 370
366 371
366 372
366 373
366 374
366 375
366 464
366 466
367 368
367 369
367 370
367 371
367 372
367 373
367 374
367 375
367 492
367 494
368 369
368 370
368 371
368 372
368 373
368 374
368 375
369 370
369 371
369 372
369 373
369 374
369 375
370 371
370 372
370 373
370 374
370 375
371 372
371 373
371 374
371 375
372 373
372 374
372 375
373 374
373 375
374 375
360 377
378 379
378 380
378 381
378 382
378 383
378 384
378 385
378 386
380 381
380 388
380 389
380 390
406 407
406 408
406 409
406 410
406 411
406 412
406 413
406 414
408 409
408 416
408 417
408 418
434 435
434 436
434 437
434 438
434 439
434 440
434 441
434 442
436 437
436 444
436 445
436 446
462 463
462 464
462 465
462 466
462 467
462 468
462 469
462 470
464 465
464 472
464 473
464 474
490 491
490 492
490 493
490 494
490 495
490 496
490 497
490 498
492 493
492 500
492 501
492 502
785 786
785 787
785 788
785 896
786 787
786 788
786 897
787 788
787 898
788 899
379 387
383 384
384 391
384 392
384 393
384 394
384 395
384 396
384 397
385 388
386 390
389 403
391 394
391 398
391 399
391 400
391 401
391 402
392 404
395 398
396 399
397 402
401 405
407 415
411 412
412 419
412 420
412 421
412 422
412 423
412 424
412 425
413 416
414 418
417 431
419 422
419 426
419 427
419 428
419 429
419 430
420 432
423 426
424 427
425 430
429 433
435 443
439 440
440 447
440 448
440 449
440 450
440 451
440 452
440 453
441 444
442 446
445 459
447 450
447 454
447 455
447 456
447 457
447 458
448 460
451 454
452 455
453 458
457 461
463 471
467 468
468 475
468 476
468 477
468 478
468 479
468 480
468 481
469 472
470 474
473 487
475 478
475 482
475 483
475 484
475 485
475 486
476 488
479 482
480 483
481 486
485 489
491 499
495 496
496 503
496 504
496 505
496 506
496 507
496 508
496 509
497 500
498 502
501 515
503 506
503 510
503 511
503 512
503 513
503 514
504 516
507 510
508 511
509 514
513 517
530 533
530 537
530 538
530 539
530 540
530 541
531 556
534 537
535 538
536 541
547 548
547 549
547 550
547 551
547 552
547 553
547 554
547 555
548 549
548 550
548 551
548 552
548 553
548 554
548 555
549 550
549 551
549 552
549 553
549 554
549 555
550 551
550 552
550 553
550 554
550 555
551 552
551 553
551 554
551 555
552 553
552 554
552 555
553 554
553 555
554 555
540 557
569 572
569 576
569 577
569 578
569 579
569 580
570 582
573 576
574 577
575 580
579 583
584 585
584 587
584 589
584 590
584 591
584 592
584 593
585 594
589 590
590 599
590 600
590 601
590 602
590 603
590 604
590 605
592 595
593 598
596 611
599 602
599 606
599 607
599 608
599 609
599 610
600 612
603 606
604 607
605 610
609 613
614 615
614 617
614 619
614 620
614 621
614 622
614 623
615 624
619 620
620 629
620 630
620 631
620 632
620 633
620 634
620 635
622 625
623 628
626 641
629 632
629 636
629 637
629 638
629 639
629 640
630 642
633 636
634 637
635 640
639 643
655 658
655 662
655 663
655 664
655 665
655 666
656 668
659 662
660 663
661 666
665 669
680 683
680 687
680 688
680 689
680 690
680 691
681 693
684 687
685 688
686 691
690 694
706 709
706 713
706 714
706 715
706 716
706 717
707 719
710 713
711 714
712 717
716 720
735 739
747 748
747 749
747 750
747 751
747 752
747 753
747 754
748 749
748 750
748 751
748 752
748 753
748 754
749 750
749 751
749 752
749 753
749 754
750 751
750 752
750 753
750 754
751 752
751 753
751 754
751 789
751 790
752 753
752 754
752 789
752 790
753 754
759 760
759 761
759 762
759 763
759 764
759 765
759 766
759 767
759 768
759 769
759 770
759 772
759 774
759 775
760 761
760 762
760 763
760 764
760 765
760 766
760 767
760 768
760 769
760 770
760 772
760 774
760 775
761 762
761 763
761 764
761 765
761 766
761 767
761 768
761 769
761 770
761 772
761 774
761 775
762 763
762 764
762 765
762 766
762 767
762 768
762 769
762 770
762 772
762 774
762 775
763 764
763 765
763 766
763 767
763 768
763 769
763 770
763 772
763 774
763 775
764 765
764 766
764 767
764 768
764 769
764 770
764 772
764 774
764 775
765 766
765 767
765 768
765 769
765 770
765 772
765 774
765 775
766 767
766 768
766 769
766 770
766 772
766 774
766 775
767 768
767 769
767 770
767 772
767 774
767 775
768 769
768 770
768 772
768 774
768 775
769 770
769 772
769 774
769 775
770 772
770 774
770 775
772 774
772 775
774 775
789 790
789 875
790 876
894 959
895 961
896 909
896 963
897 936
898 939
899 941
899 964
875 881
875 883
875 884
876 882
876 885
876 886
876 887
876 888
876 889
876 890
876 891
876 892
853 863
854 855
854 856
854 916
854 923
854 926
854 947
854 950
854 953
854 965
854 966
854 967
854 968
854 969
854 970
854 971
854 972
854 973
854 974
854 975
854 976
854 977
854 978
854 979
854 980
854 981
854 982
854 983
854 984
854 985
854 986
854 987
854 988
854 989
854 990
854 991
854 992
854 993
854 994
854 995
854 996
854 997
854 998
854 999
854 1000
854 1001
854 1002
854 1003
854 1004
854 1005
854 1006
854 1007
854 1008
854 1009
854 1010
854 1011
854 1012
854 1013
854 1014
854 1015
854 1016
854 1017
854 1018
854 1019
854 1020
854 1021
854 1022
854 1023
854 1024
854 1025
854 1026
854 1027
854 1028
854 1029
854 1030
854 1031
854 1032
854 1033
854 1034
854 1035
854 1036
854 1037
855 856
857 858
857 859
857 860
857 861
858 859
858 864
858 865
859 866
862 863
872 873
882 887
887 888
888 893
1038 1039
1041 1096
901 916
912 916
914 916
916 917
916 918
916 919
916 920
916 921
916 922
916 923
916 924
916 925
916 926
916 927
916 928
916 929
916 930
916 931
916 932
916 933
916 934
916 947
916 950
916 953
916 965
916 966
916 967
916 968
916 969
916 970
916 971
916 972
916 973
916 974
916 975
916 976
916 977
916 978
916 979
916 980
916 981
916 982
916 983
916 984
916 985
916 986
916 987
916 988
916 989
916 990
916 991
916 992
916 993
916 994
916 995
916 996
916 997
916 998
916 999
916 1000
916 1001
916 1002
916 1003
916 1004
916 1005
916 1006
916 1007
916 1008
916 1009
916 1010
916 1011
916 1012
916 1013
916 1014
916 1015
916 1016
916 1017
916 1018
916 1019
916 1020
916 1021
916 1022
916 1023
916 1024
916 1025
916 1026
916 1027
916 1028
916 1029
916 1030
916 1031
916 1032
916 1033
916 1034
916 1035
916 1036
916 1037
901 923
912 923
914 923
917 923
918 923
919 923
920 923
921 923
922 923
923 924
923 925
923 926
923 927
923 928
923 929
923 930
923 931
923 932
923 933
923 934
923 947
923 950
923 953
923 965
923 966
923 967
923 968
923 969
923 970
923 971
923 972
923 973
923 974
923 975
923 976
923 977
923 978
923 979
923 980
923 981
923 982
923 983
923 984
923 985
923 986
923 987
923 988
923 989
923 990
923 991
923 992
923 993
923 994
923 995
923 996
923 997
923 998
923 999
923 1000
923 1001
923 1002
923 1003
923 1004
923 1005
923 1006
923 1007
923 1008
923 1009
923 1010
923 1011
923 1012
923 1013
923 1014
923 1015
923 1016
923 1017
923 1018
923 1019
923 1020
923 1021
923 1022
923 1023
923 1024
923 1025
923 1026
923 1027
923 1028
923 1029
923 1030
923 1031
923 1032
923 1033
923 1034
923 1035
923 1036
923 1037
901 926
912 926
914 926
917 926
918 926
919 926
920 926
921 926
922 926
924 926
925 926
926 927
926 928
926 929
926 930
926 931
926 932
926 933
926 934
926 947
926 950
926 953
926 965
926 966
926 967
926 968
926 969
926 970
926 971
926 972
926 973
926 974
926 975
926 976
926 977
926 978
926 979
926 980
926 981
926 982
926 983
926 984
926 985
926 986
926 987
926 988
926 989
926 990
926 991
926 992
926 993
926 994
926 995
926 996
926 997
926 998
926 999
926 1000
926 1001
926 1002
926 1003
926 1004
926 1005
926 1006
926 1007
926 1008
926 1009
926 1010
926 1011
926 1012
926 1013
926 1014
926 1015
926 1016
926 1017
926 1018
926 1019
926 1020
926 1021
926 1022
926 1023
926 1024
926 1025
926 1026
926 1027
926 1028
926 1029
926 1030
926 1031
926 1032
926 1033
926 1034
926 1035
926 1036
926 1037
943 947
944 947
945 947
947 948
947 949
947 950
947 951
947 952
947 953
947 954
947 955
947 956
947 957
947 965
947 966
947 967
947 968
947 969
947 970
947 971
947 972
947 973
947 974
947 975
947 976
947 977
947 978
947 979
947 980
947 981
947 982
947 983
947 984
947 985
947 986
947 987
947 988
947 989
947 990
947 991
947 992
947 993
947 994
947 995
947 996
947 997
947 998
947 999
947 1000
947 1001
947 1002
947 1003
947 1004
947 1005
947 1006
947 1007
947 1008
947 1009
947 1010
947 1011
947 1012
947 1013
947 1014
947 1015
947 1016
947 1017
947 1018
947 1019
947 1020
947 1021
947 1022
947 1023
947 1024
947 1025
947 1026
947 1027
947 1028
947 1029
947 1030
947 1031
947 1032
947 1033
947 1034
947 1035
947 1036
947 1037
943 950
944 950
945 950
948 950
949 950
950 951
950 952
950 953
950 954
950 955
950 956
950 957
950 965
950 966
950 967
950 968
950 969
950 970
950 971
950 972
950 973
950 974
950 975
950 976
950 977
950 978
950 979
950 980
950 981
950 982
950 983
950 984
950 985
950 986
950 987
950 988
950 989
950 990
950 991
950 992
950 993
950 994
950 995
950 996
950 997
950 998
950 999
950 1000
950 1001
950 1002
950 1003
950 1004
950 1005
950 1006
950 1007
950 1008
950 1009
950 1010
950 1011
950 1012
950 1013
950 1014
950 1015
950 1016
950 1017
950 1018
950 1019
950 1020
950 1021
950 1022
950 1023
950 1024
950 1025
950 1026
950 1027
950 1028
950 1029
950 1030
950 1031
950 1032
950 1033
950 1034
950 1035
950 1036
950 1037
943 953
944 953
945 953
948 953
949 953
951 953
952 953
953 954
953 955
953 956
953 957
953 965
953 966
953 967
953 968
953 969
953 970
953 971
953 972
953 973
953 974
953 975
953 976
953 977
953 978
953 979
953 980
953 981
953 982
953 983
953 984
953 985
953 986
953 987
953 988
953 989
953 990
953 991
953 992
953 993
953 994
953 995
953 996
953 997
953 998
953 999
953 1000
953 1001
953 1002
953 1003
953 1004
953 1005
953 1006
953 1007
953 1008
953 1009
953 1010
953 1011
953 1012
953 1013
953 1014
953 1015
953 1016
953 1017
953 1018
953 1019
953 1020
953 1021
953 1022
953 1023
953 1024
953 1025
953 1026
953 1027
953 1028
953 1029
953 1030
953 1031
953 1032
953 1033
953 1034
953 1035
953 1036
953 1037
965 966
965 967
965 968
965 969
965 970
965 971
965 972
965 973
965 974
965 975
965 976
965 977
965 978
965 979
965 980
965 981
965 982
965 983
965 984
965 985
965 986
965 987
965 988
965 989
965 990
965 991
965 992
965 993
965 994
965 995
965 996
965 997
965 998
965 999
965 1000
965 1001
965 1002
965 1003
965 1004
965 1005
965 1006
965 1007
965 1008
965 1009
965 1010
965 1011
965 1012
965 1013
965 1014
965 1015
965 1016
965 1017
965 1018
965 1019
965 1020
965 1021
965 1022
965 1023
965 1024
965 1025
965 1026
965 1027
965 1028
965 1029
965 1030
965 1031
965 1032
965 1033
965 1034
965 1035
965 1036
965 1037
965 1102
965 1103
965 1104
966 967
966 968
966 969
966 970
966 971
966 972
966 973
966 974
966 975
966 976
966 977
966 978
966 979
966 980
966 981
966 982
966 983
966 984
966 985
966 986
966 987
966 988
966 989
966 990
966 991
966 992
966 993
966 994
966 995
966 996
966 997
966 998
966 999
966 1000
966 1001
966 1002
966 1003
966 1004
966 1005
966 1006
966 1007
966 1008
966 1009
966 1010
966 1011
966 1012
966 1013
966 1014
966 1015
966 1016
966 1017
966 1018
966 1019
966 1020
966 1021
966 1022
966 1023
966 1024
966 1025
966 1026
966 1027
966 1028
966 1029
966 1030
966 1031
966 1032
966 1033
966 1034
966 1035
966 1036
966 1037
967 968
967 969
967 970
967 971
967 972
967 973
967 974
967 975
967 976
967 977
967 978
967 979
967 980
967 981
967 982
967 983
967 984
967 985
967 986
967 987
967 988
967 989
967 990
967 991
967 992
967 993
967 994
967 995
967 996
967 997
967 998
967 999
967 1000
967 1001
967 1002
967 1003
967 1004
967 1005
967 1006
967 1007
967 1008
967 1009
967 1010
967 1011
967 1012
967 1013
967 1014
967 1015
967 1016
967 1017
967 1018
967 1019
967 1020
967 1021
967 1022
967 1023
967 1024
967 1025
967 1026
967 1027
967 1028
967 1029
967 1030
967 1031
967 1032
967 1033
967 1034
967 1035
967 1036
967 1037
968 969
968 970
968 971
968 972
968 973
968 974
968 975
968 976
968 977
968 978
968 979
968 980
968 981
968 982
968 983
968 984
968 985
968 986
968 987
968 988
968 989
968 990
968 991
968 992
968 993
968 994
968 995
968 996
968 997
968 998
968 999
968 1000
968 1001
968 1002
968 1003
968 1004
968 1005
968 1006
968 1007
968 1008
968 1009
968 1010
968 1011
968 1012
968 1013
968 1014
968 1015
968 1016
968 1017
968 1018
968 1019
968 1020
968 1021
968 1022
968 1023
968 1024
968 1025
968 1026
968 1027
968 1028
968 1029
968 1030
968 1031
968 1032
968 1033
968 1034
968 1035
968 1036
968 1037
968 1102
968 1105
968 1106
969 970
969 971
969 972
969 973
969 974
969 975
969 976
969 977
969 978
969 979
969 980
969 981
969 982
969 983
969 984
969 985
969 986
969 987
969 988
969 989
969 990
969 991
969 992
969 993
969 994
969 995
969 996
969 997
969 998
969 999
969 1000
969 1001
969 1002
969 1003
969 1004
969 1005
969 1006
969 1007
969 1008
969 1009
969 1010
969 1011
969 1012
969 1013
969 1014
969 1015
969 1016
969 1017
969 1018
969 1019
969 1020
969 1021
969 1022
969 1023
969 1024
969 1025
969 1026
969 1027
969 1028
969 1029
969 1030
969 1031
969 1032
969 1033
969 1034
969 1035
969 1036
969 1037
970 971
970 972
970 973
970 974
970 975
970 976
970 977
970 978
970 979
970 980
970 981
970 982
970 983
970 984
970 985
970 986
970 987
970 988
970 989
970 990
970 991
970 992
970 993
970 994
970 995
970 996
970 997
970 998
970 999
970 1000
970 1001
970 1002
970 1003
970 1004
970 1005
970 1006
970 1007
970 1008
970 1009
970 1010
970 1011
970 1012
970 1013
970 1014
970 1015
970 1016
970 1017
970 1018
970 1019
970 1020
970 1021
970 1022
970 1023
970 1024
970 1025
970 1026
970 1027
970 1028
970 1029
970 1030
970 1031
970 1032
970 1033
970 1034
970 1035
970 1036
970 1037
971 972
971 973
971 974
971 975
971 976
971 977
971 978
971 979
971 980
971 981
971 982
971 983
971 984
971 985
971 986
971 987
971 988
971 989
971 990
971 991
971 992
971 993
971 994
971 995
971 996
971 997
971 998
971 999
971 1000
971 1001
971 1002
971 1003
971 1004
971 1005
971 1006
971 1007
971 1008
971 1009
971 1010
971 1011
971 1012
971 1013
971 1014
971 1015
971 1016
971 1017
971 1018
971 1019
971 1020
971 1021
971 1022
971 1023
971 1024
971 1025
971 1026
971 1027
971 1028
971 1029
971 1030
971 1031
971 1032
971 1033
971 1034
971 1035
971 1036
971 1037
972 973
972 974
972 975
972 976
972 977
972 978
972 979
972 980
972 981
972 982
972 983
972 984
972 985
972 986
972 987
972 988
972 989
972 990
972 991
972 992
972 993
972 994
972 995
972 996
972 997
972 998
972 999
972 1000
972 1001
972 1002
972 1003
972 1004
972 1005
972 1006
972 1007
972 1008
972 1009
972 1010
972 1011
972 1012
972 1013
972 1014
972 1015
972 1016
972 1017
972 1018
972 1019
972 1020
972 1021
972 1022
972 1023
972 1024
972 1025
972 1026
972 1027
972 1028
972 1029
972 1030
972 1031
972 1032
972 1033
972 1034
972 1035
972 1036
972 1037
973 974
973 975
973 976
973 977
973 978
973 979
973 980
973 981
973 982
973 983
973 984
973 985
973 986
973 987
973 988
973 989
973 990
973 991
973 992
973 993
973 994
973 995
973 996
973 997
973 998
973 999
973 1000
973 1001
973 1002
973 1003
973 1004
973 1005
973 1006
973 1007
973 1008
973 1009
973 1010
973 1011
973 1012
973 1013
973 1014
973 1015
973 1016
973 1017
973 1018
973 1019
973 1020
973 1021
973 1022
973 1023
973 1024
973 1025
973 1026
973 1027
973 1028
973 1029
973 1030
973 1031
973 1032
973 1033
973 1034
973 1035
973 1036
973 1037
974 975
974 976
974 977
974 978
974 979
974 980
974 981
974 982
974 983
974 984
974 985
974 986
974 987
974 988
974 989
974 990
974 991
974 992
974 993
974 994
974 995
974 996
974 997
974 998
974 999
974 1000
974 1001
974 1002
974 1003
974 1004
974 1005
974 1006
974 1007
974 1008
974 1009
974 1010
974 1011
974 1012
974 1013
974 1014
974 1015
974 1016
974 1017
974 1018
974 1019
974 1020
974 1021
974 1022
974 1023
974 1024
974 1025
974 1026
974 1027
974 1028
974 1029
974 1030
974 1031
974 1032
974 1033
974 1034
974 1035
974 1036
974 1037
975 976
975 977
975 978
975 979
975 980
975 981
975 982
975 983
975 984
975 985
975 986
975 987
975 988
975 989
975 990
975 991
975 992
975 993
975 994
975 995
975 996
975 997
975 998
975 999
975 1000
975 1001
975 1002
975 1003
975 1004
975 1005
975 1006
975 1007
975 1008
975 1009
975 1010
975 1011
975 1012
975 1013
975 1014
975 1015
975 1016
975 1017
975 1018
975 1019
975 1020
975 1021
975 1022
975 1023
975 1024
975 1025
975 1026
975 1027
975 1028
975 1029
975 1030
975 1031
975 1032
975 1033
975 1034
975 1035
975 1036
975 1037
975 1107
975 1108
975 1109
976 977
976 978
976 979
976 980
976 981
976 982
976 983
976 984
976 985
976 986
976 987
976 988
976 989
976 990
976 991
976 992
976 993
976 994
976 995
976 996
976 997
976 998
976 999
976 1000
976 1001
976 1002
976 1003
976 1004
976 1005
976 1006
976 1007
976 1008
976 1009
976 1010
976 1011
976 1012
976 1013
976 1014
976 1015
976 1016
976 1017
976 1018
976 1019
976 1020
976 1021
976 1022
976 1023
976 1024
976 1025
976 1026
976 1027
976 1028
976 1029
976 1030
976 1031
976 1032
976 1033
976 1034
976 1035
976 1036
976 1037
977 978
977 979
977 980
977 981
977 982
977 983
977 984
977 985
977 986
977 987
977 988
977 989
977 990
977 991
977 992
977 993
977 994
977 995
977 996
977 997
977 998
977 999
977 1000
977 1001
977 1002
977 1003
977 1004
977 1005
977 1006
977 1007
977 1008
977 1009
977 1010
977 1011
977 1012
977 1013
977 1014
977 1015
977 1016
977 1017
977 1018
977 1019
977 1020
977 1021
977 1022
977 1023
977 1024
977 1025
977 1026
977 1027
977 1028
977 1029
977 1030
977 1031
977 1032
977 1033
977 1034
977 1035
977 1036
977 1037
978 979
978 980
978 981
978 982
978 983
978 984
978 985
978 986
978 987
978 988
978 989
978 990
978 991
978 992
978 993
978 994
978 995
978 996
978 997
978 998
978 999
978 1000
978 1001
978 1002
978 1003
978 1004
978 1005
978 1006
978 1007
978 1008
978 1009
978 1010
978 1011
978 1012
978 1013
978 1014
978 1015
978 1016
978 1017
978 1018
978 1019
978 1020
978 1021
978 1022
978 1023
978 1024
978 1025
978 1026
978 1027
978 1028
978 1029
978 1030
978 1031
978 1032
978 1033
978 1034
978 1035
978 1036
978 1037
978 1110
978 1111
978 1112
979 980
979 981
979 982
979 983
979 984
979 985
979 986
979 987
979 988
979 989
979 990
979 991
979 992
979 993
979 994
979 995
979 996
979 997
979 998
979 999
979 1000
979 1001
979 1002
979 1003
979 1004
979 1005
979 1006
979 1007
979 1008
979 1009
979 1010
979 1011
979 1012
979 1013
979 1014
979 1015
979 1016
979 1017
979 1018
979 1019
979 1020
979 1021
979 1022
979 1023
979 1024
979 1025
979 1026
979 1027
979 1028
979 1029
979 1030
979 1031
979 1032
979 1033
979 1034
979 1035
979 1036
979 1037
980 981
980 982
980 983
980 984
980 985
980 986
980 987
980 988
980 989
980 990
980 991
980 992
980 993
980 994
980 995
980 996
980 997
980 998
980 999
980 1000
980 1001
980 1002
980 1003
980 1004
980 1005
980 1006
980 1007
980 1008
980 1009
980 1010
980 1011
980 1012
980 1013
980 1014
980 1015
980 1016
980 1017
980 1018
980 1019
980 1020
980 1021
980 1022
980 1023
980 1024
980 1025
980 1026
980 1027
980 1028
980 1029
980 1030
980 1031
980 1032
980 1033
980 1034
980 1035
980 1036
980 1037
981 982
981 983
981 984
981 985
981 986
981 987
981 988
981 989
981 990
981 991
981 992
981 993
981 994
981 995
981 996
981 997
981 998
981 999
981 1000
981 1001
981 1002
981 1003
981 1004
981 1005
981 1006
981 1007
981 1008
981 1009
981 1010
981 1011
981 1012
981 1013
981 1014
981 1015
981 1016
981 1017
981 1018
981 1019
981 1020
981 1021
981 1022
981 1023
981 1024
981 1025
981 1026
981 1027
981 1028
981 1029
981 1030
981 1031
981 1032
981 1033
981 1034
981 1035
981 1036
981 1037
981 1113
981 1114
981 1115
982 983
982 984
982 985
982 986
982 987
982 988
982 989
982 990
982 991
982 992
982 993
982 994
982 995
982 996
982 997
982 998
982 999
982 1000
982 1001
982 1002
982 1003
982 1004
982 1005
982 1006
982 1007
982 1008
982 1009
982 1010
982 1011
982 1012
982 1013
982 1014
982 1015
982 1016
982 1017
982 1018
982 1019
982 1020
982 1021
982 1022
982 1023
982 1024
982 1025
982 1026
982 1027
982 1028
982 1029
982 1030
982 1031
982 1032
982 1033
982 1034
982 1035
982 1036
982 1037
983 984
983 985
983 986
983 987
983 988
983 989
983 990
983 991
983 992
983 993
983 994
983 995
983 996
983 997
983 998
983 999
983 1000
983 1001
983 1002
983 1003
983 1004
983 1005
983 1006
983 1007
983 1008
983 1009
983 1010
983 1011
983 1012
983 1013
983 1014
983 1015
983 1016
983 1017
983 1018
983 1019
983 1020
983 1021
983 1022
983 1023
983 1024
983 1025
983 1026
983 1027
983 1028
983 1029
983 1030
983 1031
983 1032
983 1033
983 1034
983 1035
983 1036
983 1037
984 985
984 986
984 987
984 988
984 989
984 990
984 991
984 992
984 993
984 994
984 995
984 996
984 997
984 998
984 999
984 1000
984 1001
984 1002
984 1003
984 1004
984 1005
984 1006
984 1007
984 1008
984 1009
984 1010
984 1011
984 1012
984 1013
984 1014
984 1015
984 1016
984 1017
984 1018
984 1019
984 1020
984 1021
984 1022
984 1023
984 1024
984 1025
984 1026
984 1027
984 1028
984 1029
984 1030
984 1031
984 1032
984 1033
984 1034
984 1035
984 1036
984 1037
984 1116
984 1117
984 1118
984 1119
984 1120
985 986
985 987
985 988
985 989
985 990
985 991
985 992
985 993
985 994
985 995
985 996
985 997
985 998
985 999
985 1000
985 1001
985 1002
985 1003
985 1004
985 1005
985 1006
985 1007
985 1008
985 1009
985 1010
985 1011
985 1012
985 1013
985 1014
985 1015
985 1016
985 1017
985 1018
985 1019
985 1020
985 1021
985 1022
985 1023
985 1024
985 1025
985 1026
985 1027
985 1028
985 1029
985 1030
985 1031
985 1032
985 1033
985 1034
985 1035
985 1036
985 1037
986 987
986 988
986 989
986 990
986 991
986 992
986 993
986 994
986 995
986 996
986 997
986 998
986 999
986 1000
986 1001
986 1002
986 1003
986 1004
986 1005
986 1006
986 1007
986 1008
986 1009
986 1010
986 1011
986 1012
986 1013
986 1014
986 1015
986 1016
986 1017
986 1018
986 1019
986 1020
986 1021
986 1022
986 1023
986 1024
986 1025
986 1026
986 1027
986 1028
986 1029
986 1030
986 1031
986 1032
986 1033
986 1034
986 1035
986 1036
986 1037
987 988
987 989
987 990
987 991
987 992
987 993
987 994
987 995
987 996
987 997
987 998
987 999
987 1000
987 1001
987 1002
987 1003
987 1004
987 1005
987 1006
987 1007
987 1008
987 1009
987 1010
987 1011
987 1012
987 1013
987 1014
987 1015
987 1016
987 1017
987 1018
987 1019
987 1020
987 1021
987 1022
987 1023
987 1024
987 1025
987 1026
987 1027
987 1028
987 1029
987 1030
987 1031
987 1032
987 1033
987 1034
987 1035
987 1036
987 1037
988 989
988 990
988 991
988 992
988 993
988 994
988 995
988 996
988 997
988 998
988 999
988 1000
988 1001
988 1002
988 1003
988 1004
988 1005
988 1006
988 1007
988 1008
988 1009
988 1010
988 1011
988 1012
988 1013
988 1014
988 1015
988 1016
988 1017
988 1018
988 1019
988 1020
988 1021
988 1022
988 1023
988 1024
988 1025
988 1026
988 1027
988 1028
988 1029
988 1030
988 1031
988 1032
988 1033
988 1034
988 1035
988 1036
988 1037
988 1121
989 990
989 991
989 992
989 993
989 994
989 995
989 996
989 997
989 998
989 999
989 1000
989 1001
989 1002
989 1003
989 1004
989 1005
989 1006
989 1007
989 1008
989 1009
989 1010
989 1011
989 1012
989 1013
989 1014
989 1015
989 1016
989 1017
989 1018
989 1019
989 1020
989 1021
989 1022
989 1023
989 1024
989 1025
989 1026
989 1027
989 1028
989 1029
989 1030
989 1031
989 1032
989 1033
989 1034
989 1035
989 1036
989 1037
990 991
990 992
990 993
990 994
990 995
990 996
990 997
990 998
990 999
990 1000
990 1001
990 1002
990 1003
990 1004
990 1005
990 1006
990 1007
990 1008
990 1009
990 1010
990 1011
990 1012
990 1013
990 1014
990 1015
990 1016
990 1017
990 1018
990 1019
990 1020
990 1021
990 1022
990 1023
990 1024
990 1025
990 1026
990 1027
990 1028
990 1029
990 1030
990 1031
990 1032
990 1033
990 1034
990 1035
990 1036
990 1037
990 1121
991 992
991 993
991 994
991 995
991 996
991 997
991 998
991 999
991 1000
991 1001
991 1002
991 1003
991 1004
991 1005
991 1006
991 1007
991 1008
991 1009
991 1010
991 1011
991 1012
991 1013
991 1014
991 1015
991 1016
991 1017
991 1018
991 1019
991 1020
991 1021
991 1022
991 1023
991 1024
991 1025
991 1026
991 1027
991 1028
991 1029
991 1030
991 1031
991 1032
991 1033
991 1034
991 1035
991 1036
991 1037
992 993
992 994
992 995
992 996
992 997
992 998
992 999
992 1000
992 1001
992 1002
992 1003
992 1004
992 1005
992 1006
992 1007
992 1008
992 1009
992 1010
992 1011
992 1012
992 1013
992 1014
992 1015
992 1016
992 1017
992 1018
992 1019
992 1020
992 1021
992 1022
992 1023
992 1024
992 1025
992 1026
992 1027
992 1028
992 1029
992 1030
992 1031
992 1032
992 1033
992 1034
992 1035
992 1036
992 1037
992 1102
992 1105
992 1123
992 1124
992 1125
992 1126
992 1127
993 994
993 995
993 996
993 997
993 998
993 999
993 1000
993 1001
993 1002
993 1003
993 1004
993 1005
993 1006
993 1007
993 1008
993 1009
993 1010
993 1011
993 1012
993 1013
993 1014
993 1015
993 1016
993 1017
993 1018
993 1019
993 1020
993 1021
993 1022
993 1023
993 1024
993 1025
993 1026
993 1027
993 1028
993 1029
993 1030
993 1031
993 1032
993 1033
993 1034
993 1035
993 1036
993 1037
994 995
994 996
994 997
994 998
994 999
994 1000
994 1001
994 1002
994 1003
994 1004
994 1005
994 1006
994 1007
994 1008
994 1009
994 1010
994 1011
994 1012
994 1013
994 1014
994 1015
994 1016
994 1017
994 1018
994 1019
994 1020
994 1021
994 1022
994 1023
994 1024
994 1025
994 1026
994 1027
994 1028
994 1029
994 1030
994 1031
994 1032
994 1033
994 1034
994 1035
994 1036
994 1037
994 1128
995 996
995 997
995 998
995 999
995 1000
995 1001
995 1002
995 1003
995 1004
995 1005
995 1006
995 1007
995 1008
995 1009
995 1010
995 1011
995 1012
995 1013
995 1014
995 1015
995 1016
995 1017
995 1018
995 1019
995 1020
995 1021
995 1022
995 1023
995 1024
995 1025
995 1026
995 1027
995 1028
995 1029
995 1030
995 1031
995 1032
995 1033
995 1034
995 1035
995 1036
995 1037
996 997
996 998
996 999
996 1000
996 1001
996 1002
996 1003
996 1004
996 1005
996 1006
996 1007
996 1008
996 1009
996 1010
996 1011
996 1012
996 1013
996 1014
996 1015
996 1016
996 1017
996 1018
996 1019
996 1020
996 1021
996 1022
996 1023
996 1024
996 1025
996 1026
996 1027
996 1028
996 1029
996 1030
996 1031
996 1032
996 1033
996 1034
996 1035
996 1036
996 1037
996 1129
997 998
997 999
997 1000
997 1001
997 1002
997 1003
997 1004
997 1005
997 1006
997 1007
997 1008
997 1009
997 1010
997 1011
997 1012
997 1013
997 1014
997 1015
997 1016
997 1017
997 1018
997 1019
997 1020
997 1021
997 1022
997 1023
997 1024
997 1025
997 1026
997 1027
997 1028
997 1029
997 1030
997 1031
997 1032
997 1033
997 1034
997 1035
997 1036
997 1037
998 999
998 1000
998 1001
998 1002
998 1003
998 1004
998 1005
998 1006
998 1007
998 1008
998 1009
998 1010
998 1011
998 1012
998 1013
998 1014
998 1015
998 1016
998 1017
998 1018
998 1019
998 1020
998 1021
998 1022
998 1023
998 1024
998 1025
998 1026
998 1027
998 1028
998 1029
998 1030
998 1031
998 1032
998 1033
998 1034
998 1035
998 1036
998 1037
998 1129
999 1000
999 1001
999 1002
999 1003
999 1004
999 1005
999 1006
999 1007
999 1008
999 1009
999 1010
999 1011
999 1012
999 1013
999 1014
999 1015
999 1016
999 1017
999 1018
999 1019
999 1020
999 1021
999 1022
999 1023
999 1024
999 1025
999 1026
999 1027
999 1028
999 1029
999 1030
999 1031
999 1032
999 1033
999 1034
999 1035
999 1036
999 1037
1000 1001
1000 1002
1000 1003
1000 1004
1000 1005
1000 1006
1000 1007
1000 1008
1000 1009
1000 1010
1000 1011
1000 1012
1000 1013
1000 1014
1000 1015
1000 1016
1000 1017
1000 1018
1000 1019
1000 1020
1000 1021
1000 1022
1000 1023
1000 1024
1000 1025
1000 1026
1000 1027
1000 1028
1000 1029
1000 1030
1000 1031
1000 1032
1000 1033
1000 1034
1000 1035
1000 1036
1000 1037
1000 1129
1001 1002
1001 1003
1001 1004
1001 1005
1001 1006
1001 1007
1001 1008
1001 1009
1001 1010
1001 1011
1001 1012
1001 1013
1001 1014
1001 1015
1001 1016
1001 1017
1001 1018
1001 1019
1001 1020
1001 1021
1001 1022
1001 1023
1001 1024
1001 1025
1001 1026
1001 1027
1001 1028
1001 1029
1001 1030
1001 1031
1001 1032
1001 1033
1001 1034
1001 1035
1001 1036
1001 1037
1002 1003
1002 1004
1002 1005
1002 1006
1002 1007
1002 1008
1002 1009
1002 1010
1002 1011
1002 1012
1002 1013
1002 1014
1002 1015
1002 1016
1002 1017
1002 1018
1002 1019
1002 1020
1002 1021
1002 1022
1002 1023
1002 1024
1002 1025
1002 1026
1002 1027
1002 1028
1002 1029
1002 1030
1002 1031
1002 1032
1002 1033
1002 1034
1002 1035
1002 1036
1002 1037
1002 1129
1003 1004
1003 1005
1003 1006
1003 1007
1003 1008
1003 1009
1003 1010
1003 1011
1003 1012
1003 1013
1003 1014
1003 1015
1003 1016
1003 1017
1003 1018
1003 1019
1003 1020
1003 1021
1003 1022
1003 1023
1003 1024
1003 1025
1003 1026
1003 1027
1003 1028
1003 1029
1003 1030
1003 1031
1003 1032
1003 1033
1003 1034
1003 1035
1003 1036
1003 1037
1004 1005
1004 1006
1004 1007
1004 1008
1004 1009
1004 1010
1004 1011
1004 1012
1004 1013
1004 1014
1004 1015
1004 1016
1004 1017
1004 1018
1004 1019
1004 1020
1004 1021
1004 1022
1004 1023
1004 1024
1004 1025
1004 1026
1004 1027
1004 1028
1004 1029
1004 1030
1004 1031
1004 1032
1004 1033
1004 1034
1004 1035
1004 1036
1004 1037
1004 1129
1005 1006
1005 1007
1005 1008
1005 1009
1005 1010
1005 1011
1005 1012
1005 1013
1005 1014
1005 1015
1005 1016
1005 1017
1005 1018
1005 1019
1005 1020
1005 1021
1005 1022
1005 1023
1005 1024
1005 1025
1005 1026
1005 1027
1005 1028
1005 1029
1005 1030
1005 1031
1005 1032
1005 1033
1005 1034
1005 1035
1005 1036
1005 1037
1006 1007
1006 1008
1006 1009
1006 1010
1006 1011
1006 1012
1006 1013
1006 1014
1006 1015
1006 1016
1006 1017
1006 1018
1006 1019
1006 1020
1006 1021
1006 1022
1006 1023
1006 1024
1006 1025
1006 1026
1006 1027
1006 1028
1006 1029
1006 1030
1006 1031
1006 1032
1006 1033
1006 1034
1006 1035
1006 1036
1006 1037
1007 1008
1007 1009
1007 1010
1007 1011
1007 1012
1007 1013
1007 1014
1007 1015
1007 1016
1007 1017
1007 1018
1007 1019
1007 1020
1007 1021
1007 1022
1007 1023
1007 1024
1007 1025
1007 1026
1007 1027
1007 1028
1007 1029
1007 1030
1007 1031
1007 1032
1007 1033
1007 1034
1007 1035
1007 1036
1007 1037
1008 1009
1008 1010
1008 1011
1008 1012
1008 1013
1008 1014
1008 1015
1008 1016
1008 1017
1008 1018
1008 1019
1008 1020
1008 1021
1008 1022
1008 1023
1008 1024
1008 1025
1008 1026
1008 1027
1008 1028
1008 1029
1008 1030
1008 1031
1008 1032
1008 1033
1008 1034
1008 1035
1008 1036
1008 1037
1008 1129
1009 1010
1009 1011
1009 1012
1009 1013
1009 1014
1009 1015
1009 1016
1009 1017
1009 1018
1009 1019
1009 1020
1009 1021
1009 1022
1009 1023
1009 1024
1009 1025
1009 1026
1009 1027
1009 1028
1009 1029
1009 1030
1009 1031
1009 1032
1009 1033
1009 1034
1009 1035
1009 1036
1009 1037
1010 1011
1010 1012
1010 1013
1010 1014
1010 1015
1010 1016
1010 1017
1010 1018
1010 1019
1010 1020
1010 1021
1010 1022
1010 1023
1010 1024
1010 1025
1010 1026
1010 1027
1010 1028
1010 1029
1010 1030
1010 1031
1010 1032
1010 1033
1010 1034
1010 1035
1010 1036
1010 1037
1011 1012
1011 1013
1011 1014
1011 1015
1011 1016
1011 1017
1011 1018
1011 1019
1011 1020
1011 1021
1011 1022
1011 1023
1011 1024
1011 1025
1011 1026
1011 1027
1011 1028
1011 1029
1011 1030
1011 1031
1011 1032
1011 1033
1011 1034
1011 1035
1011 1036
1011 1037
1012 1013
1012 1014
1012 1015
1012 1016
1012 1017
1012 1018
1012 1019
1012 1020
1012 1021
1012 1022
1012 1023
1012 1024
1012 1025
1012 1026
1012 1027
1012 1028
1012 1029
1012 1030
1012 1031
1012 1032
1012 1033
1012 1034
1012 1035
1012 1036
1012 1037
1012 1130
1012 1131
1012 1132
1012 1133
1013 1014
1013 1015
1013 1016
1013 1017
1013 1018
1013 1019
1013 1020
1013 1021
1013 1022
1013 1023
1013 1024
1013 1025
1013 1026
1013 1027
1013 1028
1013 1029
1013 1030
1013 1031
1013 1032
1013 1033
1013 1034
1013 1035
1013 1036
1013 1037
1014 1015
1014 1016
1014 1017
1014 1018
1014 1019
1014 1020
1014 1021
1014 1022
1014 1023
1014 1024
1014 1025
1014 1026
1014 1027
1014 1028
1014 1029
1014 1030
1014 1031
1014 1032
1014 1033
1014 1034
1014 1035
1014 1036
1014 1037
1015 1016
1015 1017
1015 1018
1015 1019
1015 1020
1015 1021
1015 1022
1015 1023
1015 1024
1015 1025
1015 1026
1015 1027
1015 1028
1015 1029
1015 1030
1015 1031
1015 1032
1015 1033
1015 1034
1015 1035
1015 1036
1015 1037
1015 1129
1016 1017
1016 1018
1016 1019
1016 1020
1016 1021
1016 1022
1016 1023
1016 1024
1016 1025
1016 1026
1016 1027
1016 1028
1016 1029
1016 1030
1016 1031
1016 1032
1016 1033
1016 1034
1016 1035
1016 1036
1016 1037
1017 1018
1017 1019
1017 1020
1017 1021
1017 1022
1017 1023
1017 1024
1017 1025
1017 1026
1017 1027
1017 1028
1017 1029
1017 1030
1017 1031
1017 1032
1017 1033
1017 1034
1017 1035
1017 1036
1017 1037
1017 1134
1018 1019
1018 1020
1018 1021
1018 1022
1018 1023
1018 1024
1018 1025
1018 1026
1018 1027
1018 1028
1018 1029
1018 1030
1018 1031
1018 1032
1018 1033
1018 1034
1018 1035
1018 1036
1018 1037
1019 1020
1019 1021
1019 1022
1019 1023
1019 1024
1019 1025
1019 1026
1019 1027
1019 1028
1019 1029
1019 1030
1019 1031
1019 1032
1019 1033
1019 1034
1019 1035
1019 1036
1019 1037
1019 1135
1020 1021
1020 1022
1020 1023
1020 1024
1020 1025
1020 1026
1020 1027
1020 1028
1020 1029
1020 1030
1020 1031
1020 1032
1020 1033
1020 1034
1020 1035
1020 1036
1020 1037
1021 1022
1021 1023
1021 1024
1021 1025
1021 1026
1021 1027
1021 1028
1021 1029
1021 1030
1021 1031
1021 1032
1021 1033
1021 1034
1021 1035
1021 1036
1021 1037
1021 1134
1022 1023
1022 1024
1022 1025
1022 1026
1022 1027
1022 1028
1022 1029
1022 1030
1022 1031
1022 1032
1022 1033
1022 1034
1022 1035
1022 1036
1022 1037
1023 1024
1023 1025
1023 1026
1023 1027
1023 1028
1023 1029
1023 1030
1023 1031
1023 1032
1023 1033
1023 1034
1023 1035
1023 1036
1023 1037
1023 1135
1024 1025
1024 1026
1024 1027
1024 1028
1024 1029
1024 1030
1024 1031
1024 1032
1024 1033
1024 1034
1024 1035
1024 1036
1024 1037
1025 1026
1025 1027
1025 1028
1025 1029
1025 1030
1025 1031
1025 1032
1025 1033
1025 1034
1025 1035
1025 1036
1025 1037
1025 1134
1026 1027
1026 1028
1026 1029
1026 1030
1026 1031
1026 1032
1026 1033
1026 1034
1026 1035
1026 1036
1026 1037
1027 1028
1027 1029
1027 1030
1027 1031
1027 1032
1027 1033
1027 1034
1027 1035
1027 1036
1027 1037
1028 1029
1028 1030
1028 1031
1028 1032
1028 1033
1028 1034
1028 1035
1028 1036
1028 1037
1028 1134
1029 1030
1029 1031
1029 1032
1029 1033
1029 1034
1029 1035
1029 1036
1029 1037
1030 1031
1030 1032
1030 1033
1030 1034
1030 1035
1030 1036
1030 1037
1031 1032
1031 1033
1031 1034
1031 1035
1031 1036
1031 1037
1031 1134
1032 1033
1032 1034
1032 1035
1032 1036
1032 1037
1033 1034
1033 1035
1033 1036
1033 1037
1034 1035
1034 1036
1034 1037
1035 1036
1035 1037
1036 1037
1037 1147
860 867
861 868
864 869
865 870
866 871
873 874
877 881
881 883
881 884
883 884
879 882
882 885
882 886
882 888
882 889
882 890
882 891
882 892
885 886
889 890
889 891
889 892
890 891
890 892
891 892
877 878
877 879
877 880
878 879
878 880
879 880
946 959
959 960
958 961
961 962
900 909
908 909
909 963
902 936
935 936
904 939
938 939
906 941
940 941
941 964
900 901
900 902
900 903
900 904
900 905
900 906
900 907
900 908
901 902
901 903
901 904
901 905
901 906
901 907
901 910
901 911
901 912
901 913
901 914
901 915
901 917
901 918
901 919
901 920
901 921
901 922
901 924
901 925
901 927
901 928
901 929
901 930
901 931
901 932
901 933
901 934
902 903
902 904
902 905
902 906
902 907
902 935
903 904
903 905
903 906
903 907
903 937
904 905
904 906
904 907
904 938
905 906
905 907
905 913
906 907
906 940
907 915
910 937
910 942
910 943
910 944
910 945
911 912
911 913
911 914
911 915
911 958
912 913
912 914
912 915
912 917
912 918
912 919
912 920
912 921
912 922
912 924
912 925
912 927
912 928
912 929
912 930
912 931
912 932
912 933
912 934
913 914
913 915
914 915
914 917
914 918
914 919
914 920
914 921
914 922
914 924
914 925
914 927
914 928
914 929
914 930
914 931
914 932
914 933
914 934
917 918
917 919
917 920
917 921
917 922
917 924
917 925
917 927
917 928
917 929
917 930
917 931
917 932
917 933
917 934
918 919
918 920
918 921
918 922
918 924
918 925
918 927
918 928
918 929
918 930
918 931
918 932
918 933
918 934
919 920
919 921
919 922
919 924
919 925
919 927
919 928
919 929
919 930
919 931
919 932
919 933
919 934
920 921
920 922
920 924
920 925
920 927
920 928
920 929
920 930
920 931
920 932
920 933
920 934
921 922
921 924
921 925
921 927
921 928
921 929
921 930
921 931
921 932
921 933
921 934
922 924
922 925
922 927
922 928
922 929
922 930
922 931
922 932
922 933
922 934
924 925
924 927
924 928
924 929
924 930
924 931
924 932
924 933
924 934
925 927
925 928
925 929
925 930
925 931
925 932
925 933
925 934
927 928
927 929
927 930
927 931
927 932
927 933
927 934
928 929
928 930
928 931
928 932
928 933
928 934
929 930
929 931
929 932
929 933
929 934
930 931
930 932
930 933
930 934
931 932
931 933
931 934
932 933
932 934
933 934
937 942
937 943
937 944
937 945
942 943
942 944
942 945
942 946
943 944
943 945
943 948
943 949
943 951
943 952
943 954
943 955
943 956
943 957
944 945
944 948
944 949
944 951
944 952
944 954
944 955
944 956
944 957
945 948
945 949
945 951
945 952
945 954
945 955
945 956
945 957
958 962
946 960
948 949
948 951
948 952
948 954
948 955
948 956
948 957
949 951
949 952
949 954
949 955
949 956
949 957
951 952
951 954
951 955
951 956
951 957
952 954
952 955
952 956
952 957
954 955
954 956
954 957
955 956
955 957
956 957
1102 1149
1104 1150
1107 1108
1107 1109
1107 1162
1107 1163
1108 1109
1108 1111
1108 1132
1108 1164
1110 1111
1110 1112
1111 1112
1113 1114
1113 1115
1113 1165
1113 1166
1114 1115
1116 1117
1116 1118
1116 1119
1116 1120
1117 1118
1117 1119
1117 1120
1118 1119
1118 1120
1119 1120
1120 1169
1121 1122
1123 1124
1123 1125
1123 1138
1124 1125
1127 1150
1128 1129
1129 1144
1130 1131
1130 1132
1130 1133
1130 1165
1130 1167
1131 1132
1131 1133
1131 1162
1131 1168
1132 1133
1134 1137
1135 1146
1146 1147
1147 1148
1039 1040
1039 1041
1039 1042
1040 1041
1040 1042
1040 1043
1040 1044
1041 1042
1042 1043
1042 1044
1043 1044
1043 1045
1044 1097
1045 1046
1048 1097
1046 1047
1046 1048
1046 1049
1047 1048
1047 1049
1047 1050
1047 1051
1048 1049
1049 1050
1049 1051
1050 1051
1050 1052
1050 1053
1051 1052
1051 1053
1052 1053
1052 1054
1052 1055
1053 1054
1053 1055
1054 1055
1054 1056
1054 1057
1055 1056
1055 1057
1056 1057
1056 1058
1057 1098
1058 1059
1061 1098
1059 1060
1059 1061
1059 1062
1060 1061
1060 1062
1060 1063
1060 1064
1061 1062
1062 1063
1062 1064
1063 1064
1063 1065
1064 1099
1065 1066
1068 1099
1066 1067
1066 1068
1066 1069
1067 1068
1067 1069
1067 1070
1067 1071
1068 1069
1069 1070
1069 1071
1070 1071
1070 1072
1071 1100
1072 1073
1075 1100
1073 1074
1073 1075
1073 1076
1074 1075
1074 1076
1074 1077
1074 1078
1075 1076
1076 1077
1076 1078
1077 1078
1077 1079
1077 1080
1078 1079
1078 1080
1079 1080
1079 1081
1080 1101
1081 1082
1084 1101
1082 1083
1082 1084
1082 1085
1083 1084
1083 1085
1083 1086
1083 1087
1084 1085
1085 1086
1085 1087
1086 1087
1086 1088
1086 1089
1087 1088
1087 1089
1088 1089
1088 1090
1088 1091
1089 1090
1089 1091
1090 1091
1090 1092
1090 1093
1091 1092
1091 1093
1092 1093
1092 1094
1093 1095
1094 1095
1162 1163
1162 1168
1165 1166
1165 1167
1148 1169
1169 1170
1122 1138
1122 1139
1122 1140
1138 1139
1138 1140
1139 1140
1140 1141
1143 1144
1144 1146
1136 1137
1141 1142
1143 1145
1145 1151
1151 1152
1151 1153
1151 1154
1151 1155
1151 1156
1151 1157
1151 1158
1151 1159
1153 1154
1155 1160
1156 1160
1158 1161
1159 1161
1170 1171
1171 1172
1171 1173
1173 1174
